   Step          Temp          E_pair         E_mol          TotEng         Press     
         0   2893.4769     -2890.724       0             -2567.9523     -9113.3908    
      3000   2918.3984     -2870.9678      0             -2545.4161     -2051.8887    
      6000   2963.027      -2882.9183      0             -2552.3882     -7253.5608    
      9000   2963.0825     -2884.5254      0             -2553.9891     -7906.9959    
     12000   3057.7097     -2870.4777      0             -2529.3856     -354.0845     
     15000   2974.7538     -2872.8384      0             -2541.0002      532.36768    
     18000   2981.7848     -2881.5751      0             -2548.9525     -3769.7917    
     21000   3010.2574     -2888.7808      0             -2552.9821     -7619.465     
     24000   2992.1299     -2876.0589      0             -2542.2823     -3881.101     
     27000   2985.9892     -2862.0302      0             -2528.9386      2247.8981    
     30000   3100.0575     -2896.3655      0             -2550.5494     -9127.5945    
     33000   2965.8727     -2883.4337      0             -2552.5861     -5754.1429    
     36000   3039.4358     -2876.9044      0             -2537.8508     -3615.4549    
     39000   2948.7901     -2885.2095      0             -2556.2676     -7288.3812    
     42000   2862.7601     -2877.1293      0             -2557.7841     -5020.1361    
     45000   2953.0948     -2884.0301      0             -2554.6079     -9397.5135    
     48000   3006.1448     -2893.4567      0             -2558.1167     -9214.3129    
     51000   3105.5991     -2882.0092      0             -2535.5749     -4408.7742    
     54000   3004.6752     -2880.9528      0             -2545.7768     -4736.7978    
     57000   2887.1567     -2884.7594      0             -2562.6927     -9958.132     
     60000   3187.6215     -2878.9122      0             -2523.3282     -765.98176    
     63000   2997.7015     -2873.8752      0             -2539.4771     -4373.8504    
     66000   3015.4505     -2872.7699      0             -2536.3918     -1103.1319    
     69000   2916.7196     -2884.367       0             -2559.0026     -5886.1622    
     72000   2943.3119     -2873.1512      0             -2544.8203     -1782.7336    
     75000   2959.8928     -2890.472       0             -2560.2915     -10514.113    
     78000   2971.0568     -2881.9452      0             -2550.5193     -7352.8776    
     81000   2972.7555     -2881.1488      0             -2549.5335     -5469.6095    
     84000   3067.1637     -2880.76        0             -2538.6133     -2790.2797    
     87000   3024.0831     -2874.0105      0             -2536.6695     -2027.518     
     90000   2900.618      -2890.9062      0             -2567.3379     -11261.646    
     93000   3051.2466     -2887.9403      0             -2547.5692     -6649.1773    
     96000   3085.6723     -2879.8316      0             -2535.6202     -3561.3473    
     99000   3088.6003     -2881.4542      0             -2536.9161     -1015.5434    
    102000   2926.7748     -2878.0984      0             -2551.6122     -5693.0552    
    105000   3132.4004     -2893.5776      0             -2544.1537     -10014.498    
    108000   3085.3702     -2868.8431      0             -2524.6654      2063.3469    
    111000   3133.2695     -2879.3614      0             -2529.8404     -4899.3466    
    114000   3076.8669     -2888.1075      0             -2544.8784     -7451.8339    
    117000   3189.15       -2879.4922      0             -2523.7377     -4717.1162    
    120000   2927.8856     -2891.9838      0             -2565.3738     -10525.335    
    123000   3094.5919     -2884.8614      0             -2539.655      -7486.0486    
    126000   2893.8251     -2887.0983      0             -2564.2877     -8262.5759    
    129000   3030.3454     -2881.8133      0             -2543.7737     -5831.9212    
    132000   2916.8582     -2874.8352      0             -2549.4553     -2074.249     
    135000   2977.3587     -2883.8308      0             -2551.7019     -6151.3527    
    138000   3055.499      -2872.1589      0             -2531.3134     -2169.4035    
    141000   2959.2335     -2883.9218      0             -2553.8148     -7633.2529    
    144000   2978.2069     -2874.0698      0             -2541.8464     -1454.9588    
    147000   3078.4298     -2875.848       0             -2532.4445     -4321.052     
    150000   3155.1583     -2875.4207      0             -2523.458      -1752.1518    
    153000   3053.8538     -2874.9549      0             -2534.293      -2831.1354    
    156000   2839.5834     -2881.1228      0             -2564.363      -5517.7822    
    159000   3060.1681     -2875.4035      0             -2534.0372     -2900.7693    
    162000   2966.0353     -2863.6063      0             -2532.7406      1753.6077    
    165000   3099.3716     -2885.3583      0             -2539.6187     -5334.7044    
    168000   2903.2451     -2898.8504      0             -2574.989      -14138.682    
    171000   3028.8029     -2875.2233      0             -2537.3558     -990.26179    
    174000   3021.1985     -2885.9803      0             -2548.961      -6214.1297    
    177000   2918.6829     -2883.1837      0             -2557.6003     -6525.3776    
    180000   2949.1498     -2874.9604      0             -2545.9783     -4622.2291    
    183000   3110.3937     -2875.0848      0             -2528.1157     -1208.7326    
    186000   3091.581      -2878.4048      0             -2533.5342     -2700.675     
    189000   2901.9082     -2878.4642      0             -2554.752      -3600.6332    
    192000   3110.7278     -2885.9102      0             -2538.9038     -5033.8243    
    195000   3172.7935     -2881.5525      0             -2527.6226     -5113.1184    
    198000   2959.3836     -2887.7482      0             -2557.6245     -9736.6154    
    201000   3141.2606     -2874.5308      0             -2524.1185     -447.75439    
    204000   3067.0961     -2869.7802      0             -2527.641      -159.49771    
    207000   2930.6548     -2875.6773      0             -2548.7583     -2763.9361    
    210000   2925.1829     -2884.2852      0             -2557.9766     -5641.7853    
    213000   2925.2793     -2875.5165      0             -2549.1972     -5703.2745    
    216000   2919.8922     -2877.7174      0             -2551.999      -4941.651     
    219000   2928.244      -2874.7162      0             -2548.0662     -3222.4409    
    222000   2874.2407     -2876.269       0             -2555.6431     -4543.0721    
    225000   2871.6103     -2883.3996      0             -2563.0672     -5386.0845    
    228000   2933.3666     -2882.7059      0             -2555.4844     -8413.4599    
    231000   3070.559      -2875.1798      0             -2532.6544      1193.6962    
    234000   3015.1297     -2888.5339      0             -2552.1916     -7144.3343    
    237000   3055.556      -2868.6166      0             -2527.7647      1518.6698    
    240000   3029.1963     -2890.3097      0             -2552.3983     -10141.117    
    243000   3060.2847     -2888.5617      0             -2547.1823     -9694.4887    
    246000   2876.7323     -2878.5335      0             -2557.6296     -2747.2881    
    249000   3012.4724     -2878.5237      0             -2542.4779     -5034.5664    
    252000   3065.7781     -2868.6274      0             -2526.6352      1870.1413    
    255000   3094.7225     -2878.7908      0             -2533.5699     -3884.5722    
    258000   2922.0785     -2889.5958      0             -2563.6336     -8196.4178    
    261000   3048.4031     -2866.6088      0             -2526.5549      3118.3352    
    264000   2849.0949     -2877.2187      0             -2559.3979     -2990.1695    
    267000   3027.8268     -2867.8454      0             -2530.0867      2297.6252    
    270000   3175.5752     -2883.3159      0             -2529.0758     -6116.0335    
    273000   3002.702      -2888.7329      0             -2553.777      -6767.0108    
    276000   2990.092      -2884.4322      0             -2550.8829     -5123.5786    
    279000   3037.363      -2871.3266      0             -2532.5042     -441.8064     
    282000   3142.632      -2878.883       0             -2528.3177     -2131.6461    
    285000   2887.5766     -2875.5962      0             -2553.4827     -5370.3355    
    288000   3147.9199     -2880.2627      0             -2529.1075     -2079.5277    
    291000   3046.2433     -2882.5265      0             -2542.7135     -5195.9817    
    294000   3150.5511     -2880.8651      0             -2529.4163     -1856.9416    
    297000   3001.5213     -2870.8438      0             -2536.0195      2336.9687    
    300000   2998.2811     -2884.6275      0             -2550.1648     -6401.39      
    303000   3037.1205     -2884.2273      0             -2545.432      -5858.7963    
    306000   3189.9883     -2882.8649      0             -2527.0169     -5403.6245    
    309000   3005.5734     -2876.3478      0             -2541.0716     -2954.7728    
    312000   2943.4684     -2884.0775      0             -2555.7292     -8621.9597    
    315000   3023.7841     -2866.7048      0             -2529.3971      1673.3903    
    318000   3027.3646     -2878.2325      0             -2540.5254     -3652.9762    
    321000   2975.3609     -2875.6193      0             -2543.7133     -2363.7772    
    324000   2953.9652     -2871.2118      0             -2541.6925     -882.06127    
    327000   3020.6873     -2883.2987      0             -2546.3365     -6108.66      
    330000   3199.773      -2878.4577      0             -2521.5182     -495.64419    
    333000   2897.7704     -2894.7686      0             -2571.5179     -10100.88     
    336000   3013.6016     -2871.7054      0             -2535.5336      853.21066    
    339000   2978.7826     -2891.9622      0             -2559.6745     -9370.8558    
    342000   3041.7697     -2895.8217      0             -2556.5077     -11226.411    
    345000   3110.0854     -2867.4889      0             -2520.5542      3115.1758    
    348000   2932.9556     -2878.8837      0             -2551.7081     -4798.544     
    351000   3063.0783     -2887.9919      0             -2546.3009     -7286.5929    
    354000   2925.5312     -2875.0928      0             -2548.7454     -1593.2405    
    357000   3067.1839     -2881.56        0             -2539.411      -4303.071     
    360000   2861.413      -2882.1361      0             -2562.9412     -5224.553     
    363000   3105.7499     -2873.3559      0             -2526.9048     -1163.5527    
    366000   2967.0228     -2886.0564      0             -2555.0806     -8852.5944    
    369000   2921.7418     -2883.3327      0             -2557.408      -8622.4519    
    372000   2898.8071     -2900.9747      0             -2577.6084     -16659.481    
    375000   2987.048      -2879.8514      0             -2546.6417     -6515.7511    
    378000   2922.613      -2879.3632      0             -2553.3413     -2311.4887    
    381000   3012.1005     -2884.4812      0             -2548.4768     -7356.5544    
    384000   2843.1898     -2875.207       0             -2558.0449     -4732.8048    
    387000   3110.1021     -2876.7141      0             -2529.7775     -2814.9302    
    390000   2992.2414     -2874.1318      0             -2540.3428     -1945.9854    
    393000   3012.6472     -2875.1767      0             -2539.1114     -1824.1808    
    396000   3033.9809     -2881.5002      0             -2543.0551     -4372.1496    
    399000   3111.7171     -2891.7796      0             -2544.6629     -8913.8673    
    402000   2931.1297     -2881.6138      0             -2554.6418     -4365.1428    
    405000   2880.871      -2879.4392      0             -2558.0737     -5511.9456    
    408000   3095.1015     -2886.4503      0             -2541.187      -7015.8743    
    411000   2884.0498     -2866.4216      0             -2544.7015     -1243.4917    
    414000   3151.1431     -2897.3628      0             -2545.8481     -10392.4      
    417000   3063.2055     -2876.2408      0             -2534.5356     -2296.1621    
    420000   3077.66       -2868.6836      0             -2525.366       2385.9742    
    423000   2840.4324     -2879.8024      0             -2562.9478     -9839.6332    
    426000   3093.9896     -2869.8234      0             -2524.6842      2070.0488    
    429000   2903.808      -2877.4746      0             -2553.5504     -2804.3682    
    432000   2927.1377     -2883.3674      0             -2556.8407     -7823.6729    
    435000   3024.6562     -2888.0529      0             -2550.6479     -7482.893     
    438000   3025.7749     -2879.2763      0             -2541.7466     -4578.1648    
    441000   2923.1396     -2872.0197      0             -2545.9391     -555.08904    
    444000   3014.8294     -2887.0185      0             -2550.7097     -10482.833    
    447000   2867.2079     -2868.3268      0             -2548.4854     -694.69886    
    450000   2966.1128     -2893.5964      0             -2562.7221     -10627.096    
    453000   3001.7786     -2883.7658      0             -2548.9129     -7347.2046    
    456000   3051.0421     -2879.4656      0             -2539.1173     -4794.9404    
    459000   3177.233      -2881.9331      0             -2527.508      -3638.1152    
    462000   3020.9702     -2878.6757      0             -2541.682      -2604.2661    
    465000   2865.8831     -2870.003       0             -2550.3094     -667.59309    
    468000   3060.9115     -2878.2085      0             -2536.7592     -3926.4947    
    471000   3116.0154     -2892.7718      0             -2545.1756     -9442.5042    
    474000   3001.3516     -2862.3629      0             -2527.5576      5032.6987    
    477000   3126.8424     -2868.1819      0             -2519.3779      3416.2671    
    480000   3016.5429     -2887.3618      0             -2550.8618     -6685.0374    
    483000   2971.7693     -2869.475       0             -2537.9697      2541.7009    
    486000   3063.5319     -2883.0994      0             -2541.3578     -4992.7536    
    489000   3049.428      -2873.8234      0             -2533.6552     -2822.2627    
    492000   3078.0159     -2864.3862      0             -2521.0289      2871.0817    
    495000   2971.2489     -2883.9504      0             -2552.5031     -5692.1959    
    498000   3133.1816     -2867.0226      0             -2517.5115      1313.3501    
    501000   3080.9768     -2876.4095      0             -2532.7219     -3147.2793    
    504000   3032.1552     -2881.8253      0             -2543.5838     -4142.0228    
    507000   3133.0844     -2877.1023      0             -2527.602      -755.7363     
    510000   2969.4631     -2884.2902      0             -2553.0421     -5525.608     
    513000   2983.0206     -2859.5038      0             -2526.7434      2631.3821    
    516000   2789.0354     -2878.8234      0             -2567.7023     -7347.9457    
    519000   2996.177      -2869.7497      0             -2535.5216      1987.2215    
    522000   3248.0531     -2881.1974      0             -2518.8722     -1709.0237    
    525000   2893.0316     -2873.5355      0             -2550.8134     -1869.3112    
    528000   3077.4456     -2894.9552      0             -2551.6615     -10577.501    
    531000   2954.6326     -2873.887       0             -2544.2933     -2824.6609    
    534000   3013.407      -2884.0055      0             -2547.8554     -6212.6669    
    537000   3074.4428     -2885.4584      0             -2542.4996     -5587.4916    
    540000   3019.4698     -2875.0056      0             -2538.1792     -4777.5792    
    543000   3021.1601     -2879.2952      0             -2542.2803     -4566.1479    
    546000   3032.2971     -2885.842       0             -2547.5847     -7968.7845    
    549000   3011.5501     -2875.2567      0             -2539.3138     -4448.0229    
    552000   2859.9425     -2868.0456      0             -2549.0147      139.63087    
    555000   2958.1397     -2875.5762      0             -2545.5913     -5788.8838    
    558000   3075.7562     -2870.7776      0             -2527.6724      2372.0182    
    561000   2981.9194     -2882.987       0             -2550.3494     -5080.4821    
    564000   2849.5062     -2875.7132      0             -2557.8465     -4207.9742    
    567000   3047.9688     -2878.8355      0             -2538.83       -4220.0449    
    570000   2895.8892     -2876.5163      0             -2553.4755     -3435.0898    
    573000   3050.2143     -2891.3236      0             -2551.0676     -10943.351    
    576000   3137.7913     -2896.5433      0             -2546.518      -9635.932     
    579000   2839.5654     -2869.1844      0             -2552.4266     -3178.3187    
    582000   2905.7348     -2881.448       0             -2557.309      -6774.3424    
    585000   2978.8109     -2869.2955      0             -2537.0046     -263.02011    
    588000   3054.7281     -2881.7394      0             -2540.9799     -4634.6435    
    591000   2905.387      -2890.0936      0             -2565.9933     -10439.523    
    594000   2947.7315     -2882.7604      0             -2553.9365     -5897.8454    
    597000   3119.7003     -2872.952       0             -2524.9447     -763.35724    
    600000   2922.4318     -2885.951       0             -2559.9493     -5170.8422    
    603000   2756.4952     -2895.0443      0             -2587.5531     -15155.864    
    606000   3024.1865     -2886.0425      0             -2548.6899     -5576.1274    
    609000   2848.1753     -2865.3109      0             -2547.5927      2496.2182    
    612000   3169.2164     -2876.6746      0             -2523.1437      1136.1298    
    615000   2959.6991     -2878.0069      0             -2547.848      -4232.321     
    618000   3054.801      -2863.6886      0             -2522.9209      3051.6967    
    621000   2882.8299     -2877.5362      0             -2555.9522     -6234.9936    
    624000   3050.2376     -2883.5726      0             -2543.314      -4754.9934    
    627000   3096.8889     -2883.9674      0             -2538.5048     -6000.0905    
    630000   2982.454      -2872.2438      0             -2539.5465     -732.91731    
    633000   2914.1462     -2865.3955      0             -2540.3181      456.92398    
    636000   2914.774      -2882.0866      0             -2556.9392     -6404.8867    
    639000   3010.3708     -2881.9249      0             -2546.1135     -5352.4608    
    642000   3019.3599     -2884.6183      0             -2547.8041     -7110.9436    
    645000   2825.3759     -2880.2945      0             -2565.1196     -6817.6972    
    648000   2863.5014     -2877.0798      0             -2557.6519     -6222.1648    
    651000   2863.4586     -2871.9472      0             -2552.5241     -2346.6871    
    654000   2945.6112     -2893.0521      0             -2564.4648     -12388.937    
    657000   2756.2129     -2886.8059      0             -2579.3462     -9405.479     
    660000   3031.6474     -2876.2652      0             -2538.0804     -1721.343     
    663000   3176.3656     -2871.3667      0             -2517.0383      2093.184     
    666000   2931.2815     -2876.5577      0             -2549.5689     -2144.1199    
    669000   2976.5977     -2868.6996      0             -2536.6557     -1792.2685    
    672000   3044.9234     -2872.8606      0             -2533.1948     -2663.3163    
    675000   3015.1601     -2867.2885      0             -2530.9428     -915.17759    
    678000   3057.4551     -2877.7391      0             -2536.6754     -4144.8896    
    681000   2908.2354     -2873.1095      0             -2548.6915     -1020.7402    
    684000   3016.7148     -2875.7756      0             -2539.2565     -4997.3015    
    687000   3017.1301     -2891.1466      0             -2554.5812     -9566.6698    
    690000   2892.9399     -2871.5865      0             -2548.8747     -1147.8224    
    693000   2950.481      -2889.0737      0             -2559.9431     -10077.984    
    696000   3064.7295     -2883.3215      0             -2541.4464     -4550.4863    
    699000   3121.2854     -2880.0067      0             -2531.8226     -4498.5156    
    702000   3073.4495     -2888.3548      0             -2545.5068     -9301.5253    
    705000   2951.1294     -2875.8694      0             -2546.6665     -5331.3585    
    708000   3139.9789     -2878.7878      0             -2528.5185     -1255.5688    
    711000   3047.9442     -2878.35        0             -2538.3473     -4708.5546    
    714000   3004.8196     -2891.6414      0             -2556.4493     -9259.2817    
    717000   2968.9303     -2878.6194      0             -2547.4308     -2309.3948    
    720000   2936.7195     -2877.0813      0             -2549.4858     -3825.9108    
    723000   2952.0941     -2880.4933      0             -2551.1828     -5642.52      
    726000   3024.2217     -2869.5247      0             -2532.1682     -88.850016    
    729000   2983.7054     -2875.5376      0             -2542.7007     -3672.5827    
    732000   3076.4079     -2877.9745      0             -2534.7966     -3570.2667    
    735000   2933.2039     -2873.9931      0             -2546.7898     -1744.6784    
    738000   3066.936      -2895.5422      0             -2553.4209     -11600.744    
    741000   3025.5131     -2874.6217      0             -2537.1212     -2121.6269    
    744000   3042.0349     -2879.9827      0             -2540.6392     -3048.7049    
    747000   2835.2777     -2873.9517      0             -2557.6722     -1572.9006    
    750000   3055.7417     -2879.9171      0             -2539.0445     -3810.0331    
    753000   2896.2263     -2864.3377      0             -2541.2593      2551.736     
    756000   3073.046      -2871.518       0             -2528.7151      910.19957    
    759000   3079.4561     -2886.1393      0             -2542.6214     -4965.5451    
    762000   2866.1434     -2885.4463      0             -2565.7237     -9654.1385    
    765000   2984.422      -2880.2734      0             -2547.3566     -5498.8175    
    768000   2915.264      -2877.7487      0             -2552.5467     -6108.4692    
    771000   2913.3646     -2870.8446      0             -2545.8544     -1613.8877    
    774000   2926.7268     -2874.529       0             -2548.0482     -2089.0823    
    777000   3102.5        -2878.386       0             -2532.2974     -3192.4768    
    780000   3016.6155     -2874.5173      0             -2538.0093     -784.86897    
    783000   2989.1965     -2885.87        0             -2552.4206     -7611.3861    
    786000   3153.6291     -2874.4158      0             -2522.6237     -1246.3232    
    789000   3044.2413     -2883.2837      0             -2543.694      -5614.014     
    792000   3072.193      -2876.3665      0             -2533.6587     -2542.6259    
    795000   3026.7169     -2878.5147      0             -2540.8799     -4892.936     
    798000   2900.4633     -2876.585       0             -2553.0339     -3633.3223    
    801000   3072.2145     -2880.3233      0             -2537.6132     -3655.0474    
    804000   3044.1903     -2872.6255      0             -2533.0415     -548.45483    
    807000   2930.9203     -2873.332       0             -2546.3834     -1665.6318    
    810000   2904.9747     -2886.3352      0             -2562.2809     -10238.188    
    813000   2974.1788     -2881.2728      0             -2549.4986     -7038.9679    
    816000   2970.7837     -2889.6819      0             -2558.2865     -10043.931    
    819000   3037.8821     -2884.6335      0             -2545.7532     -7634.7052    
    822000   3083.0869     -2887.219       0             -2543.296      -6358.7233    
    825000   3006.5487     -2890.6218      0             -2555.2368     -7393.524     
    828000   3091.9125     -2877.0948      0             -2532.1873     -3629.6695    
    831000   3034.7001     -2892.1742      0             -2553.6489     -10553.826    
    834000   3108.1165     -2874.9222      0             -2528.2071     -1541.9848    
    837000   3019.4481     -2866.2141      0             -2529.3901      166.86789    
    840000   2951.3919     -2895.3185      0             -2566.0863     -11805.853    
    843000   2975.0556     -2884.9671      0             -2553.0952     -6776.6041    
    846000   3049.6006     -2868.1656      0             -2527.9781     -974.65282    
    849000   3064.7905     -2870.3292      0             -2528.4472      1008.9442    
    852000   3107.3929     -2889.6534      0             -2543.019      -10520.937    
    855000   2926.5448     -2873.0793      0             -2546.6188     -2059.0724    
    858000   2868.624      -2876.1663      0             -2556.167      -4186.8071    
    861000   2976.5098     -2874.3472      0             -2542.3131     -3915.002     
    864000   2909.8973     -2886.1662      0             -2561.5628     -7298.643     
    867000   3057.9376     -2887.1694      0             -2546.0519     -8171.3852    
    870000   3009.6797     -2888.7602      0             -2553.0259     -8771.7376    
    873000   2954.3164     -2871.1729      0             -2541.6145     -1634.7268    
    876000   3079.7583     -2888.8133      0             -2545.2616     -5202.5946    
    879000   3199.4134     -2888.1154      0             -2531.2161     -6744.0365    
    882000   3015.1264     -2880.268       0             -2543.9261     -2261.7778    
    885000   2940.2947     -2877.57        0             -2549.5757     -5846.1963    
    888000   3109.8997     -2881.6978      0             -2534.7838     -4746.3524    
    891000   2946.0673     -2873.7343      0             -2545.0961     -1176.5606    
    894000   3124.3891     -2869.4273      0             -2520.897       2147.9081    
    897000   3026.1755     -2862.9535      0             -2525.3791      3589.7294    
    900000   3018.9657     -2898.3115      0             -2561.5413     -13229.012    
    903000   2985.8051     -2867.7527      0             -2534.6817      626.51899    
    906000   3006.2169     -2883.0765      0             -2547.7284     -6641.9219    
    909000   2955.5661     -2879.0676      0             -2549.3698     -4989.3811    
    912000   2895.7709     -2879.0388      0             -2556.0112     -4183.5835    
    915000   2999.9646     -2885.7375      0             -2551.087      -6209.3233    
    918000   2861.2982     -2871.9216      0             -2552.7395     -2939.107     
    921000   2976.4662     -2891.3104      0             -2559.2811     -6895.0287    
    924000   2921.2857     -2881.6695      0             -2555.7957     -5619.3772    
    927000   3112.7075     -2893.8283      0             -2546.601      -10982.081    
    930000   2901.9449     -2869.6286      0             -2545.9123     -522.33095    
    933000   2883.1415     -2880.5359      0             -2558.9171     -5752.6595    
    936000   3083.9887     -2879.4624      0             -2535.4388     -3802.8802    
    939000   3078.2094     -2877.5422      0             -2534.1633     -1633.0976    
    942000   3036.7442     -2885.4951      0             -2546.7418     -6716.0779    
    945000   3043.117      -2886.5003      0             -2547.036      -6864.7114    
    948000   2999.4601     -2884.4781      0             -2549.8838     -7478.6641    
    951000   2913.4422     -2879.667       0             -2554.6682     -5202.7441    
    954000   3054.4192     -2896.1873      0             -2555.4622     -12305.415    
    957000   2950.7845     -2879.9234      0             -2550.759      -4246.518     
    960000   2963.5613     -2875.8841      0             -2545.2944     -1597.2267    
    963000   2951.9209     -2878.3578      0             -2549.0666     -3197.2443    
    966000   3247.5971     -2878.865       0             -2516.5907     -2398.5216    
    969000   2974.8302     -2887.3581      0             -2555.5113     -9583.0708    
    972000   2986.8965     -2869.2021      0             -2536.0093      121.46101    
    975000   2986.6059     -2888.9786      0             -2555.8182     -8884.4383    
    978000   2993.5486     -2877.5817      0             -2543.6469     -2584.9822    
    981000   3056.2022     -2879.8233      0             -2538.8994     -5134.9552    
    984000   3056.9916     -2877.6833      0             -2536.6713     -2461.0435    
    987000   2996.8193     -2878.339       0             -2544.0393     -3122.9449    
    990000   3035.9191     -2878.6678      0             -2540.0064     -3291.8112    
    993000   2986.7342     -2881.7561      0             -2548.5814     -4995.3207    
    996000   2984.9778     -2876.7394      0             -2543.7606     -1897.033     
    999000   2907.5685     -2885.8315      0             -2561.4878     -10252.029    
   1000000   2905.3126     -2876.4774      0             -2552.3855     -2170.3698    
