#	Time-averaged	data	for	fix	savemsd
#	TimeStep	c_msd[1]	c_msd[2]	c_msd[3]	c_msd[4]
0	0.000962692	0.000973819	0.00122691	0.00316342
1000	1.59197	2.00444	1.75625	5.35266
2000	3.02086	3.39585	2.33007	8.74678
3000	4.4941	3.53718	3.18337	11.2147
4000	4.83439	4.29859	4.38742	13.5204
5000	6.18659	4.89619	4.16475	15.2475
6000	6.42554	5.40551	4.97926	16.8103
7000	7.82297	6.37841	4.86961	19.071
8000	9.31792	6.703	6.34752	22.3684
9000	9.18198	7.88832	6.77048	23.8408
10000	8.77803	8.72766	7.85274	25.3584
11000	10.1666	7.98371	7.53118	25.6815
12000	9.18723	9.96095	8.17842	27.3266
13000	9.90922	10.1458	9.12483	29.1798
14000	11.4583	10.2506	11.0917	32.8005
15000	11.9218	11.4856	10.9064	34.3138
16000	12.2372	12.7685	11.8507	36.8565
17000	12.6399	12.4139	14.8845	39.9383
18000	14.4486	12.1669	12.5033	39.1187
19000	14.805	13.9714	13.5315	42.3079
20000	15.4749	13.5825	14.8231	43.8805
21000	17.7813	14.292	14.25	46.3233
22000	18.4382	13.2814	16.938	48.6575
23000	19.2172	15.0514	17.8696	52.1383
24000	18.2034	19.2155	20.0927	57.5116
25000	20.32	20.625	20.0844	61.0294
26000	17.1957	22.464	20.1596	59.8193
27000	21.0651	23.9292	21.1902	66.1845
28000	19.4722	22.5264	23.0146	65.0132
29000	15.9064	24.2154	25.1987	65.3205
30000	14.1977	23.6859	24.6151	62.4987
31000	13.798	24.3153	25.2318	63.3451
32000	14.8256	24.3881	25.818	65.0317
33000	14.538	24.4504	27.568	66.5564
34000	14.159	23.3427	28.2821	65.7838
35000	13.9801	25.1739	30.6454	69.7994
36000	13.8103	23.9527	29.2727	67.0357
37000	14.4867	24.2273	27.8823	66.5963
38000	14.1689	27.0119	29.6344	70.8152
39000	14.8336	26.5628	27.5079	68.9042
40000	15.0115	29.9633	28.5801	73.5548
41000	13.5538	33.9436	31.4654	78.9628
42000	15.6087	29.1129	35.704	80.4256
43000	14.8327	30.0333	34.1236	78.9895
44000	14.137	30.276	37.148	81.5609
45000	15.0422	29.9534	38.9823	83.9779
46000	15.0215	32.3551	36.602	83.9786
47000	16.1222	29.9617	36.157	82.2409
48000	16.7982	28.9623	37.6578	83.4182
49000	18.9333	27.6799	37.1965	83.8097
50000	20.1564	26.1435	39.3507	85.6506
51000	22.1671	24.388	37.6562	84.2113
52000	22.8484	28.0716	38.5838	89.5037
53000	23.8975	27.768	39.8095	91.475
54000	21.6473	28.2608	41.108	91.0161
55000	18.8202	29.1438	44.6156	92.5796
56000	19.9244	28.4109	47.0701	95.4053
57000	20.7289	26.0596	49.8373	96.6258
58000	20.0834	26.9205	46.8621	93.866
59000	22.443	28.5238	44.5876	95.5543
60000	22.8108	29.9559	44.4265	97.1932
61000	24.5787	29.2166	42.1343	95.9296
62000	24.4374	30.7403	41.8534	97.0312
63000	23.5755	29.231	42.541	95.3475
64000	26.9438	26.3613	42.7238	96.029
65000	25.5513	27.1373	48.8166	101.505
66000	26.7006	26.4361	48.542	101.679
67000	28.4789	26.4927	47.4183	102.39
68000	26.3068	24.0279	53.0228	103.357
69000	25.5716	24.4711	53.8219	103.865
70000	23.6078	26.6766	55.1939	105.478
71000	25.0166	25.1311	62.2571	112.405
72000	25.953	22.9321	64.5703	113.455
73000	29.0565	25.4116	61.8039	116.272
74000	26.1662	26.5882	59.1752	111.93
75000	27.6015	25.3829	64.0421	117.026
76000	27.5991	25.6706	66.9277	120.197
77000	24.3253	24.3671	78.458	127.15
78000	27.8793	22.1266	85.4335	135.439
79000	26.5396	24.3413	84.1296	135.011
80000	27.1137	22.8854	82.6549	132.654
81000	28.21	22.563	84.8484	135.621
82000	31.8065	23.5528	84.8196	140.179
83000	27.9965	23.7297	85.8782	137.604
84000	27.5871	22.5613	76.5444	126.693
85000	26.5718	22.5668	76.4413	125.58
86000	27.4398	23.4037	72.2814	123.125
87000	26.5656	23.811	74.4758	124.852
88000	29.4077	22.8231	75.1266	127.357
89000	28.5968	21.5803	75.7534	125.93
90000	30.1419	24.0159	80.8253	134.983
91000	32.0643	23.0252	84.5909	139.68
92000	25.674	25.5834	85.4138	136.671
93000	28.8408	23.1217	81.8988	133.861
94000	24.9039	26.1162	82.9801	134
95000	26.4962	28.8582	80.7551	136.109
96000	27.9696	25.0921	83.6251	136.687
97000	26.7721	25.8287	78.6263	131.227
98000	27.122	25.5248	78.5796	131.226
99000	28.1596	25.9339	77.147	131.24
100000	27.5636	25.262	79.2065	132.032
101000	24.8391	24.6125	77.8745	127.326
102000	24.9537	28.1363	80.2374	133.327
103000	24.476	28.3067	81.6059	134.389
104000	23.7199	30.1182	79.7711	133.609
105000	23.9186	29.0007	81.4014	134.321
106000	24.2398	30.6634	80.6142	135.517
107000	22.4443	31.6691	79.6159	133.729
108000	23.5697	28.2557	79.5555	131.381
109000	21.3513	31.1501	78.2505	130.752
110000	23.2149	30.2665	80.2004	133.682
111000	20.5837	31.1317	77.105	128.82
112000	21.7126	31.9893	77.5525	131.254
113000	22.4863	31.2039	80.8422	134.532
114000	20.7353	30.6203	85.3713	136.727
115000	19.0428	28.5985	85.2546	132.896
116000	20.1099	28.0535	87.7632	135.927
117000	19.5194	31.3231	89.9797	140.822
118000	19.3877	32.5643	90.1108	142.063
119000	20.2864	31.8138	87.9873	140.088
120000	18.7114	34.2171	89.5288	142.457
121000	19.1325	33.6534	89.3597	142.146
122000	20.7122	33.3931	89.8742	143.98
123000	19.706	35.8386	90.6299	146.174
124000	19.8778	35.0972	92.6198	147.595
125000	22.3926	32.8627	92.5303	147.786
126000	22.6477	30.4664	91.666	144.78
127000	22.4032	31.0827	96.0893	149.575
128000	24.5969	29.3411	95.8681	149.806
129000	24.9461	28.9062	92.7673	146.62
130000	26.2238	27.3628	97.9162	151.503
131000	26.6273	28.3296	98.4146	153.372
132000	26.9747	24.9789	106.356	158.309
133000	25.095	24.6959	107.944	157.735
134000	24.3648	26.6519	109.735	160.752
135000	26.3005	29.2509	112.739	168.29
136000	24.0601	29.4498	107.935	161.445
137000	25.4652	29.706	117.115	172.286
138000	28.0239	31.8845	115.691	175.599
139000	26.0442	34.6345	110.847	171.525
140000	31.2791	33.7522	108.218	173.25
141000	29.159	32.4675	111.141	172.767
142000	28.232	34.8012	125.083	188.116
143000	30.5719	35.2819	130.395	196.249
144000	33.1449	35.4011	133.173	201.719
145000	30.4389	38.1196	133.471	202.03
146000	29.9787	35.6803	139.451	205.11
147000	29.249	37.5064	138.892	205.647
148000	29.6265	34.7717	138.55	202.949
149000	31.888	33.2272	137.403	202.518
150000	32.366	32.6926	133.266	198.325
151000	32.2857	33.3188	144.653	210.257
152000	35.3476	33.0369	142.818	211.203
153000	36.9884	30.7134	131.36	199.062
154000	38.3619	29.1551	137.75	205.267
155000	39.4234	30.3322	156.166	225.922
156000	36.5229	31.4131	157.773	225.709
157000	33.8498	32.0148	156.787	222.651
158000	33.9777	30.9609	157.214	222.152
159000	30.1488	31.5582	161.465	223.172
160000	31.1676	31.9261	157.386	220.479
161000	33.8057	29.8345	159.338	222.978
162000	33.1606	29.58	163.456	226.197
163000	27.627	32.5052	156.129	216.262
164000	29.1904	29.7024	155.445	214.338
165000	27.1797	32.0869	154.693	213.959
166000	28.7725	29.0568	156.197	214.027
167000	27.8598	31.2461	155.911	215.017
168000	29.7501	29.7384	165.095	224.584
169000	27.134	31.9356	159.793	218.863
170000	24.3779	32.2204	159.967	216.565
171000	24.6562	31.449	157.494	213.599
172000	20.9239	37.8031	162.879	221.606
173000	19.792	34.2997	160.185	214.277
174000	21.0466	31.8925	163.445	216.384
175000	19.453	30.5813	162.343	212.377
176000	17.4497	32.0368	167.351	216.837
177000	17.3124	34.6371	169.751	221.701
178000	17.1695	32.3463	170.335	219.85
179000	18.5852	34.2149	163.895	216.696
180000	17.8347	30.4775	167.759	216.072
181000	18.1076	33.5407	163.908	215.557
182000	19.3847	33.0879	165.735	218.208
183000	18.6499	34.7667	163.857	217.274
184000	18.0654	37.3484	165.41	220.824
185000	19.7338	33.4348	164.854	218.022
186000	19.4703	36.542	170.467	226.479
187000	17.8101	34.9239	173.164	225.898
188000	18.8929	34.7212	178.723	232.337
189000	19.7863	33.8193	170.642	224.248
190000	20.4496	33.081	172.033	225.563
191000	20.2184	34.9678	180.48	235.667
192000	19.7846	34.746	188.63	243.16
193000	22.9152	33.5264	190.221	246.662
194000	22.5013	31.8648	187.984	242.35
195000	26.5378	29.9565	177.228	233.723
196000	23.2142	29.6345	180.305	233.154
197000	23.8614	30.1152	165.165	219.142
198000	21.6694	31.2997	170.695	223.664
199000	20.3132	32.0606	178.807	231.181
200000	19.516	33.6855	181.604	234.805
201000	18.8884	32.829	181.796	233.513
202000	17.8532	30.6855	182.782	231.321
203000	17.8902	32.8231	182.193	232.907
204000	17.5535	33.1208	180.154	230.828
205000	15.9661	35.0115	185.821	236.799
206000	17.0786	31.0296	194.51	242.618
207000	19.2662	29.8086	207.892	256.966
208000	20.1631	30.5191	213.376	264.058
209000	19.782	31.9019	214.974	266.658
210000	20.1869	31.6992	223.897	275.783
211000	21.1751	30.3764	225.303	276.855
212000	19.8087	30.2652	233.102	283.176
213000	20.7451	30.1769	250.133	301.055
214000	21.1821	31.0191	249.873	302.074
215000	21.7414	32.8256	244.904	299.471
216000	18.4373	36.5798	242.778	297.795
217000	17.2647	37.7019	232.213	287.18
218000	18.2252	36.4357	232.759	287.42
219000	19.1917	36.6468	236.088	291.926
220000	18.1501	34.7753	236.399	289.324
221000	19.1639	36.018	234.047	289.229
222000	18.1748	35.5175	242.023	295.715
223000	17.3453	32.8633	252.364	302.572
224000	19.2051	36.7286	255.749	311.682
225000	18.7511	35.3944	256.304	310.45
226000	20.6861	35.1787	258.962	314.826
227000	23.3551	31.9889	250.681	306.025
228000	21.6141	36.414	256.803	314.832
229000	21.2802	37.0046	267.25	325.535
230000	21.1854	35.7622	268.648	325.595
231000	23.959	36.0274	266.249	326.235
232000	22.1716	37.0338	265.578	324.783
233000	23.8552	38.1027	266.344	328.302
234000	24.5818	36.344	270.67	331.596
235000	22.0404	35.685	273.13	330.855
236000	20.6345	40.0218	271.59	332.246
237000	18.9874	43.1464	263.769	325.903
238000	19.6651	45.094	259.32	324.079
239000	19.7541	43.4724	253.032	316.258
240000	20.7792	42.0574	247.32	310.157
241000	20.5098	44.4647	255.36	320.334
242000	20.777	40.5588	257.081	318.417
243000	23.632	34.5549	260.38	318.567
244000	23.9211	36.0629	260.6	320.584
245000	24.6504	35.6994	260.651	321.001
246000	26.5658	37.4581	245.477	309.501
247000	26.9298	36.2831	243.362	306.574
248000	28.5222	33.8016	240.88	303.204
249000	27.9291	34.7324	245.655	308.317
250000	25.3729	33.2092	236.762	295.344
251000	26.345	34.021	230.66	291.026
252000	27.5308	32.4249	231.724	291.68
253000	27.4095	31.5067	231.693	290.61
254000	31.0365	31.5701	233.975	296.581
255000	31.4	29.097	229.41	289.907
256000	31.9886	32.612	229.024	293.624
257000	33.811	31.9056	230.783	296.5
258000	34.1869	30.8866	230.19	295.263
259000	29.3111	31.5805	233.925	294.816
260000	28.6705	30.5193	239.678	298.867
261000	27.4831	33.7223	242.12	303.325
262000	25.7745	36.3257	240.927	303.028
263000	26.4964	35.1412	244.695	306.332
264000	28.4118	34.2452	243.818	306.475
265000	27.3056	38.857	251.369	317.532
266000	27.1921	41.3318	253.787	322.311
267000	28.124	36.6271	249.262	314.013
268000	29.1285	36.1464	253.238	318.513
269000	28.3175	36.5931	258.141	323.052
270000	27.3349	36.3728	257.059	320.766
271000	27.8797	34.4382	259.041	321.359
272000	26.9553	33.8887	258.275	319.119
273000	28.6384	32.6591	250.826	312.123
274000	31.1586	32.0813	251.322	314.562
275000	29.7076	33.2051	252.855	315.768
276000	29.1691	31.5644	257.892	318.626
277000	29.3228	32.9366	252.574	314.833
278000	30.589	31.1086	248.736	310.434
279000	27.3923	29.3946	249.168	305.955
280000	28.8657	31.1258	262.805	322.796
281000	30.6096	31.2141	266.458	328.282
282000	29.3391	32.439	269.703	331.481
283000	29.9701	33.3043	263.112	326.386
284000	32.7339	32.7395	263.726	329.2
285000	33.1242	31.6058	269.75	334.48
286000	31.2894	33.1508	263.796	328.236
287000	31.3693	31.9937	266.613	329.976
288000	29.9203	31.5751	260.514	322.009
289000	29.1822	34.2082	267.987	331.378
290000	29.2842	32.3474	267.868	329.5
291000	29.7099	32.3403	265.085	327.136
292000	29.4366	32.4688	264.501	326.406
293000	31.2778	32.3681	268.407	332.053
294000	33.0393	33.2662	269.297	335.603
295000	28.2922	32.8788	265.784	326.955
296000	37.3229	31.5663	259.977	328.866
297000	34.1663	30.7278	256.344	321.239
298000	37.1564	34.0964	251.42	322.673
299000	40.2471	32.3045	250.136	322.688
300000	37.6815	33.8414	248.805	320.328
301000	33.5424	35.5321	247.72	316.794
302000	30.3314	37.1937	244.339	311.864
303000	29.0625	35.404	249.694	314.16
304000	27.611	39.1829	245.37	312.164
305000	26.3428	36.028	250.938	313.309
306000	24.6608	39.1078	255.957	319.726
307000	23.9568	41.2313	261.34	326.528
308000	22.616	44.5078	256.028	323.152
309000	22.0897	43.0178	258.688	323.795
310000	20.8143	42.3256	253.503	316.643
311000	23.1447	41.2403	253.157	317.542
312000	23.7031	35.6383	253.36	312.701
313000	23.6779	36.328	247.306	307.312
314000	21.9409	36.0053	248.426	306.372
315000	24.9171	34.6336	245.306	304.856
316000	25.3327	33.1865	250.766	309.285
317000	29.283	33.4752	257.748	320.506
318000	28.0283	31.8287	263.801	323.658
319000	26.2118	31.3708	264.236	321.819
320000	26.4791	29.8149	267.143	323.437
321000	26.4742	31.1389	269.516	327.129
322000	25.091	33.2778	267.109	325.478
323000	25.396	32.2872	262.028	319.711
324000	23.8791	33.4647	258.005	315.349
325000	24.146	34.3287	262.745	321.219
326000	24.5181	35.8519	264.19	324.56
327000	25.3666	33.6361	258.918	317.921
328000	26.6856	33.5222	261.561	321.769
329000	27.7161	33.9846	265.823	327.523
330000	27.8991	33.6093	266.746	328.254
331000	29.1757	34.2526	264.852	328.28
332000	25.5795	33.012	270.817	329.409
333000	26.9532	34.6314	264.29	325.875
334000	27.7621	34.1076	271.26	333.13
335000	27.9209	33.9507	268.712	330.583
336000	30.5416	32.6915	268.173	331.406
337000	27.26	33.9866	269.171	330.418
338000	27.3064	33.1793	268.856	329.341
339000	26.3109	35.7078	273.103	335.121
340000	25.8032	37.057	279.043	341.903
341000	24.1554	40.1584	278.974	343.288
342000	24.0681	37.9965	270.929	332.993
343000	23.3821	38.9403	270.208	332.53
344000	21.4239	39.7043	276.23	337.358
345000	24.1407	37.4651	275.451	337.057
346000	27.227	36.9049	266.71	330.842
347000	27.3158	35.1752	273.504	335.995
348000	28.2705	35.6567	266.395	330.322
349000	28.2761	33.3093	278.639	340.224
350000	34.1745	30.7979	280.284	345.256
351000	37.2607	30.9386	280.79	348.989
352000	40.7573	30.0287	284.296	355.082
353000	42.0701	28.9423	288.139	359.151
354000	36.8275	29.0152	292.885	358.727
355000	34.1504	29.0176	287.028	350.196
356000	39.1027	27.4708	284.957	351.531
357000	33.4018	27.0509	284.512	344.964
358000	31.5827	27.1643	290.349	349.096
359000	30.9867	25.7298	294.134	350.85
360000	28.7781	28.7238	290.557	348.059
361000	27.8725	28.386	291.788	348.047
362000	25.0591	29.5537	296.072	350.685
363000	24.2374	31.8495	289.791	345.878
364000	23.046	33.5725	283.158	339.777
365000	21.5163	33.1768	289.569	344.262
366000	22.4315	33.2599	280.651	336.342
367000	22.3235	30.1599	283.329	335.813
368000	20.5047	29.1247	292.306	341.935
369000	21.1117	33.0734	290.51	344.695
370000	21.6744	33.4169	289.861	344.953
371000	21.4281	33.1999	291.417	346.045
372000	19.1998	33.5585	287.499	340.257
373000	20.6143	35.1999	288.902	344.716
374000	20.3417	38.9689	288.475	347.786
375000	21.8807	41.2837	296.743	359.908
376000	24.9652	38.9101	299.349	363.224
377000	28.2708	38.7888	300.718	367.778
378000	25.5933	39.1568	294.577	359.328
379000	24.0623	36.4501	298.214	358.726
380000	22.5016	40.2957	301.371	364.168
381000	22.5181	39.4175	305.689	367.624
382000	21.6306	44.4327	302.753	368.817
383000	22.1144	44.0803	296.381	362.576
384000	22.5132	44.8343	300.98	368.328
385000	21.8084	48.3864	297.625	367.82
386000	24.2317	43.9218	302.123	370.276
387000	24.7785	43.5192	299.532	367.83
388000	27.5621	43.2796	312.108	382.949
389000	27.0611	44.0383	318.732	389.831
390000	30.7392	41.6285	332.84	405.208
391000	31.2923	41.1886	337.724	410.205
392000	29.9185	40.0362	335.234	405.189
393000	31.4756	37.7497	337.637	406.862
394000	31.0619	38.8731	337.475	407.41
395000	27.8094	35.8416	328.626	392.277
396000	30.8839	35.4119	337.607	403.902
397000	29.7627	31.8157	339.327	400.905
398000	31.4936	30.061	353.41	414.964
399000	29.7199	29.2328	354.027	412.98
400000	28.8836	29.5245	352.692	411.1
401000	28.8081	29.4451	351.742	409.995
402000	26.7035	27.9853	350.878	405.566
403000	25.9877	27.0301	346.381	399.399
404000	26.4958	26.5029	347.717	400.716
405000	26.7621	28.7937	344.76	400.316
406000	26.747	27.7662	346.929	401.442
407000	20.793	30.3539	352.047	403.194
408000	19.5096	34.0974	349.308	402.915
409000	18.3508	33.5774	351.691	403.619
410000	19.0753	31.2966	360.647	411.019
411000	20.5456	31.7556	360.737	413.038
412000	19.7096	32.5378	368.124	420.371
413000	21.7502	31.7446	358.058	411.553
414000	21.336	32.6371	358.418	412.391
415000	23.9474	32.4477	354.284	410.679
416000	24.392	34.1491	352.852	411.393
417000	26.9454	34.9975	354.434	416.377
418000	26.7172	35.3919	350.052	412.161
419000	27.2471	39.6054	359.099	425.951
420000	25.5943	41.6175	362.951	430.163
421000	25.597	42.6376	361.337	429.572
422000	26.182	43.1864	367.158	436.526
423000	22.3169	45.377	366.4	434.094
424000	25.8736	41.1019	362.418	429.393
425000	25.3983	42.5771	363.318	431.293
426000	24.9013	40.9436	361.343	427.188
427000	23.5426	43.6331	372.289	439.465
428000	23.5123	43.4694	366.006	432.988
429000	25.104	44.8499	366.889	436.843
430000	26.0878	41.0399	368.759	435.887
431000	29.0811	37.3575	364.391	430.83
432000	28.7363	37.9066	368.053	434.696
433000	33.2823	33.8827	371.773	438.938
434000	31.2778	34.2398	368.39	433.908
435000	24.5382	37.1271	370.308	431.974
436000	25.9214	35.4149	375.194	436.531
437000	24.4187	36.7946	377.401	438.614
438000	23.1589	37.9215	374.969	436.049
439000	26.14	36.7032	363.339	426.182
440000	26.2052	35.7472	362.949	424.901
441000	28.6277	35.453	369.51	433.591
442000	28.8372	32.3805	367.468	428.686
443000	29.506	31.161	368.41	429.077
444000	29.4344	28.3836	362.482	420.3
445000	27.4843	27.8183	364.243	419.546
446000	29.3645	27.7667	364.575	421.707
447000	31.4234	27.4398	363.803	422.666
448000	32.2566	26.7488	372.147	431.152
449000	29.6624	27.6	369.083	426.346
450000	32.2638	27.4989	367.687	427.449
451000	28.141	31.2538	370.734	430.129
452000	29.7326	30.5631	377.243	437.539
453000	27.4935	30.5556	373.601	431.65
454000	24.8703	32.0953	379.468	436.433
455000	21.9749	34.7884	379.944	436.707
456000	20.1719	38.446	380.479	439.097
457000	19.593	37.2454	381.486	438.325
458000	20.3456	41.6455	382.733	444.724
459000	19.6096	42.0055	384.943	446.558
460000	20.0501	43.1132	389.716	452.88
461000	21.2139	38.3329	387.507	447.053
462000	20.8712	40.3908	386.933	448.195
463000	20.6728	39.1474	390.81	450.63
464000	19.2655	41.0886	386.643	446.997
465000	23.9614	41.4405	391.173	456.575
466000	24.6446	38.5894	393.468	456.702
467000	25.7367	38.6458	396.024	460.407
468000	27.4987	37.3136	407.429	472.241
469000	28.2403	37.4361	407.993	473.67
470000	28.0884	36.4809	409.555	474.125
471000	29.2108	35.0123	417.415	481.638
472000	31.0457	34.4541	415.881	481.381
473000	35.7458	31.2286	416.868	483.842
474000	31.573	34.3896	421.734	487.697
475000	30.7129	38.2818	420.97	489.965
476000	34.2198	36.1984	421.59	492.008
477000	33.0498	36.5616	427.771	497.382
478000	35.9666	34.3603	428.134	498.461
479000	31.5688	33.6598	425.513	490.742
480000	35.1114	31.02	420.366	486.498
481000	28.1578	33.7358	425.252	487.146
482000	29.0206	33.0936	428.956	491.07
483000	27.1749	31.8888	431.722	490.786
484000	27.8034	33.1002	428.572	489.476
485000	26.8776	31.507	429.93	488.315
486000	27.213	29.0302	424.282	480.525
487000	26.0492	30.7855	422.086	478.921
488000	26.5585	30.7378	424.213	481.509
489000	25.9079	31.1787	427.766	484.853
490000	23.7127	31.1154	422.496	477.324
491000	25.1875	31.5375	429.223	485.948
492000	21.924	32.375	429.122	483.421
493000	23.7305	32.3682	431.295	487.393
494000	23.8107	33.5438	434.074	491.429
495000	20.3151	34.0345	437.589	491.939
496000	19.8595	34.8091	438.899	493.567
497000	22.6443	32.8232	435.557	491.024
498000	20.5947	38.2798	429.178	488.053
499000	20.901	38.2359	428.106	487.242
500000	22.5922	37.9288	429.835	490.356
