# Time-averaged data for fix savemsd
# TimeStep c_msd[1] c_msd[2] c_msd[3] c_msd[4]
0 0.000962692 0.000973819 0.00122691 0.00316342
1000 1.16702 1.49327 1.39534 4.05563
2000 1.43963 2.47738 2.75399 6.67101
3000 2.2389 3.68298 2.43523 8.35711
4000 2.2365 4.10661 2.49135 8.83446
5000 2.04252 4.52591 2.30882 8.87725
6000 3.15272 6.14852 2.15037 11.4516
7000 2.72583 5.24866 2.51469 10.4892
8000 2.91371 5.79088 3.07557 11.7802
9000 3.02823 6.48499 2.63419 12.1474
10000 2.84744 6.91887 2.99767 12.764
11000 3.02657 7.3159 2.52296 12.8654
12000 3.24376 7.64619 2.50241 13.3924
13000 3.12586 8.48397 2.66606 14.2759
14000 3.21757 10.2355 3.15518 16.6082
15000 4.14261 11.1431 4.00633 19.292
16000 5.26739 11.1429 4.80405 21.2144
17000 6.04292 11.3513 4.83494 22.2292
18000 6.68433 12.166 5.12519 23.9756
19000 7.61203 13.7854 6.03581 27.4332
20000 8.54169 13.9578 7.19473 29.6943
21000 10.3838 14.2167 6.73564 31.3361
22000 12.2041 14.8904 6.9995 34.094
23000 14.1766 15.3258 7.02152 36.5239
24000 14.8681 17.2191 7.09588 39.1831
25000 17.0541 15.4095 7.56211 40.0257
26000 18.7006 17.3405 6.9198 42.9609
27000 18.4039 17.2078 6.99774 42.6094
28000 20.5704 17.9928 7.43713 46.0003
29000 21.8095 18.4816 6.78108 47.0722
30000 24.0245 19.4092 5.97263 49.4064
31000 26.6169 18.9858 5.99528 51.598
32000 28.4413 19.181 6.95254 54.5748
33000 29.1974 20.5152 6.85425 56.5668
34000 27.9349 22.2571 6.96749 57.1595
35000 34.5171 21.5728 5.95148 62.0414
36000 33.2156 23.2921 7.00049 63.5082
37000 37.2929 23.3011 7.42176 68.0157
38000 39.2078 24.3367 6.81671 70.3612
39000 38.2122 25.0295 6.71195 69.9537
40000 43.406 26.6884 7.28275 77.3771
41000 40.9638 29.079 7.16281 77.2056
42000 42.7049 29.7269 7.01401 79.4458
43000 42.8759 31.1747 6.85765 80.9082
44000 41.7297 31.6744 7.76533 81.1694
45000 45.0525 32.9649 7.41139 85.4288
46000 45.9392 34.9319 7.2423 88.1135
47000 44.3281 35.1318 6.4631 85.923
48000 43.9464 38.2405 7.29822 89.4851
49000 43.0022 36.6146 6.92158 86.5383
50000 43.8994 35.4804 7.15848 86.5383
51000 45.3968 37.7478 7.39897 90.5436
52000 44.0646 38.9094 7.31452 90.2885
53000 43.9381 38.6075 8.08477 90.6304
54000 45.1545 41.5156 8.53993 95.2101
55000 41.9073 42.9621 9.03572 93.9051
56000 38.6898 41.5869 9.81581 90.0925
57000 40.5673 42.3631 9.86016 92.7906
58000 39.2074 42.9807 10.2558 92.4439
59000 39.5579 44.9276 10.4843 94.9698
60000 38.7026 44.2323 10.9368 93.8717
61000 35.399 47.2927 11.6316 94.3232
62000 37.0917 47.1899 10.7238 95.0055
63000 36.6977 46.6729 11.1954 94.566
64000 33.3588 48.7502 11.4907 93.5997
65000 35.3945 44.3899 11.9437 91.7281
66000 33.9594 46.6813 11.8219 92.4627
67000 34.5371 43.7088 12.2662 90.5121
68000 34.1456 42.3675 12.1883 88.7014
69000 32.9003 45.5468 13.14 91.5872
70000 31.4991 45.3983 13.5927 90.4902
71000 32.3958 44.9086 13.9793 91.2837
72000 32.8176 45.3463 16.5572 94.7211
73000 33.0167 43.0344 16.5945 92.6456
74000 31.2963 45.5387 16.806 93.641
75000 31.7035 44.4468 17.3582 93.5085
76000 31.9297 44.6182 18.8742 95.4222
77000 32.0489 42.936 18.0802 93.0651
78000 30.7869 44.4763 17.4372 92.7004
79000 30.7411 41.2916 19.4625 91.4952
80000 30.183 41.3422 18.9485 90.4738
81000 29.7791 41.0334 20.2558 91.0683
82000 30.7533 42.5786 20.2123 93.5442
83000 31.5321 36.5208 20.2139 88.2667
84000 32.0759 36.7381 19.3324 88.1464
85000 32.9842 36.3427 21.2194 90.5463
86000 30.8518 37.9061 20.5167 89.2747
87000 31.3333 41.0953 22.9196 95.3482
88000 30.7597 40.6646 22.8304 94.2547
89000 30.7488 39.4004 23.6584 93.8076
90000 32.407 39.715 22.1588 94.2807
91000 32.1582 38.2513 21.9856 92.395
92000 31.4991 39.8753 21.7646 93.1391
93000 29.9724 40.4551 23.35 93.7776
94000 30.1802 42.8714 22.2878 95.3394
95000 30.8611 40.9941 23.1059 94.9611
96000 31.219 40.3019 23.3894 94.9102
97000 30.4537 42.7656 23.0453 96.2646
98000 30.0028 43.6754 23.4466 97.1249
99000 31.522 40.1872 24.467 96.1761
100000 30.6041 40.7211 23.3957 94.7209
101000 32.5353 40.5015 23.5903 96.6271
102000 32.5577 39.394 24.2114 96.1631
103000 30.5298 41.239 25.2649 97.0337
104000 30.9476 40.225 25.7817 96.9543
105000 29.8248 40.2919 25.9378 96.0546
106000 29.295 44.4008 25.0337 98.7296
107000 30.4076 39.4086 25.2524 95.0686
108000 29.2344 40.6077 27.7541 97.5962
109000 29.8856 39.5494 26.6032 96.0381
110000 29.1281 39.666 25.5398 94.334
111000 28.7879 39.6004 26.5554 94.9438
112000 27.9976 38.8378 27.3806 94.2161
113000 28.3259 40.9041 26.7231 95.9531
114000 25.3683 41.8817 27.4425 94.6925
115000 25.4868 40.905 26.2134 92.6052
116000 25.0605 39.742 28.6713 93.4739
117000 24.8296 37.0628 29.504 91.3964
118000 23.851 37.4992 29.849 91.1992
119000 24.5272 37.1419 29.118 90.7871
120000 28.1439 30.9929 27.091 86.2278
121000 24.9638 35.2542 27.1575 87.3755
122000 25.475 32.751 28.6939 86.9198
123000 23.9632 31.8806 28.778 84.6218
124000 23.0982 29.999 30.3249 83.422
125000 24.3232 29.8057 30.3373 84.4662
126000 22.0122 29.0763 30.0458 81.1343
127000 20.8301 30.8621 29.7773 81.4695
128000 19.313 32.769 29.3899 81.4719
129000 18.7967 31.4558 28.5658 78.8183
130000 19.3479 31.2362 27.9658 78.5499
131000 19.8487 30.3778 27.9965 78.2229
132000 18.991 29.5934 29.2559 77.8404
133000 19.2875 29.1584 28.8821 77.328
134000 18.7653 30.3423 29.2497 78.3573
135000 19.815 26.5136 29.8038 76.1324
136000 20.2185 26.5748 30.1556 76.9488
137000 19.5416 25.7675 30.1877 75.4968
138000 19.8497 24.5162 30.4516 74.8175
139000 19.1743 23.8342 29.4622 72.4707
140000 19.3599 22.4448 31.3545 73.1592
141000 21.1299 21.7269 32.8283 75.685
142000 19.8805 22.1658 30.1957 72.2419
143000 19.2061 22.675 31.5758 73.4569
144000 19.3159 23.4149 30.7969 73.5276
145000 19.3319 22.4467 32.6857 74.4642
146000 18.6633 20.7678 33.3955 72.8266
147000 18.2586 21.5964 34.9991 74.8541
148000 16.9584 20.4666 33.3005 70.7255
149000 17.0751 20.1712 34.0327 71.279
150000 16.359 21.5857 34.9035 72.8482
151000 15.7646 21.6616 36.2328 73.659
152000 15.2606 21.1515 33.8468 70.2589
153000 15.4721 21.4014 33.9951 70.8686
154000 15.6524 20.8783 34.1711 70.7018
155000 15.9657 19.0711 37.57 72.6068
156000 15.8463 20.5245 34.5106 70.8814
157000 16.2605 20.6242 39.0136 75.8983
158000 17.3647 20.1893 37.781 75.3349
159000 16.6789 19.9562 37.383 74.0182
160000 16.9404 20.989 36.8612 74.7906
161000 16.9743 21.3285 37.1926 75.4954
162000 18.0366 20.7799 35.9728 74.7893
163000 19.7847 20.2215 34.9584 74.9646
164000 20.3174 20.9523 37.3002 78.57
165000 20.9715 21.273 36.2459 78.4904
166000 21.6852 20.9882 37.0364 79.7098
167000 23.1606 20.4038 37.1883 80.7527
168000 24.955 19.7423 38.2364 82.9337
169000 23.0088 21.0654 38.4392 82.5135
170000 23.4118 21.936 39.1894 84.5371
171000 24.4415 22.3191 39.785 86.5456
172000 25.6501 22.7597 37.8774 86.2872
173000 25.1706 22.1432 38.3265 85.6404
174000 26.6556 21.5979 37.5917 85.8451
175000 27.7748 21.9052 39.2184 88.8984
176000 29.3263 21.5772 40.4663 91.3698
177000 26.2354 22.6803 37.6322 86.548
178000 27.4311 23.0488 41.8634 92.3432
179000 27.4179 23.9217 43.4711 94.8106
180000 25.8919 23.9079 43.4342 93.234
181000 27.7868 22.5284 46.6774 96.9925
182000 28.9873 22.1193 47.6198 98.7265
183000 31.0983 21.5682 49.3154 101.982
184000 31.5734 21.0473 48.016 100.637
185000 33.0301 21.548 48.731 103.309
186000 32.892 22.967 47.9328 103.792
187000 29.9259 23.1519 47.4914 100.569
188000 32.5073 22.9571 47.4831 102.948
189000 32.5022 22.8487 46.388 101.739
190000 34.9707 21.3077 44.56 100.838
191000 35.5095 23.4213 44.1677 103.098
192000 33.9748 22.9468 44.8689 101.79
193000 33.8347 22.7122 46.4446 102.992
194000 34.7914 22.5743 46.7594 104.125
195000 32.5676 21.8679 46.0084 100.444
196000 31.6796 24.6521 47.1829 103.515
197000 32.4372 23.5051 46.3762 102.319
198000 35.2508 22.4607 47.2398 104.951
199000 34.3711 23.2809 48.8845 106.536
200000 34.2378 22.7859 47.7169 104.741
201000 32.2839 24.4964 49.0918 105.872
202000 33.3287 23.2372 48.2658 104.832
203000 33.0718 24.0664 48.7834 105.922
204000 32.5388 25.9295 47.5194 105.988
205000 33.1579 25.4034 47.9224 106.484
206000 34.998 26.9002 48.8229 110.721
207000 29.9071 27.4249 49.5939 106.926
208000 30.9974 28.2535 50.3085 109.559
209000 31.081 27.0579 50.0401 108.179
210000 30.4288 26.1974 50.7094 107.336
211000 30.1382 28.2413 52.3773 110.757
212000 31.2539 28.4945 52.5114 112.26
213000 30.4646 28.0992 53.9661 112.53
214000 30.936 29.6908 53.9894 114.616
215000 29.1596 30.4885 55.0267 114.675
216000 28.953 29.2881 52.592 110.833
217000 26.1509 30.4271 53.618 110.196
218000 25.9569 32.8195 51.611 110.387
219000 26.9962 30.3969 53.9072 111.3
220000 26.3648 29.1483 52.2724 107.785
221000 25.8027 31.3558 53.778 110.937
222000 23.6481 32.3385 57.9538 113.94
223000 23.1672 33.3606 57.0764 113.604
224000 24.3013 30.9449 60.0889 115.335
225000 25.0027 29.0884 58.6795 112.771
226000 24.1643 30.4909 62.5205 117.176
227000 25.1127 28.7128 61.8542 115.68
228000 25.5801 28.067 60.9145 114.562
229000 25.5004 29.3166 61.9919 116.809
230000 24.4848 31.6038 60.5554 116.644
231000 24.0893 28.7587 61.0649 113.913
232000 22.008 30.9577 61.1316 114.097
233000 22.2935 32.1399 60.1766 114.61
234000 23.0065 31.8617 60.1583 115.026
235000 23.4906 30.7975 58.7939 113.082
236000 21.815 32.797 59.0874 113.699
237000 20.424 31.9141 61.5474 113.885
238000 20.0121 31.8139 61.293 113.119
239000 19.7945 33.568 65.0787 118.441
240000 20.4999 30.4977 63.4216 114.419
241000 19.925 31.4025 66.2058 117.533
242000 17.4394 31.3132 64.1951 112.948
243000 18.9279 29.9263 63.4778 112.332
244000 17.5235 30.7022 62.725 110.951
245000 18.6455 30.8724 63.9929 113.511
246000 17.8059 32.8066 65.6887 116.301
247000 18.2365 30.7051 72.8861 121.828
248000 20.4045 28.6462 75.0946 124.145
249000 19.67 27.6824 75.0328 122.385
250000 19.1867 27.1205 75.9241 122.231
251000 20.1437 27.2798 76.0218 123.445
252000 19.5009 26.146 75.3218 120.969
253000 18.8135 27.9355 76.3107 123.06
254000 18.6227 27.4131 74.0426 120.078
255000 18.2852 27.0835 77.8258 123.194
256000 17.4796 28.5249 74.882 120.887
257000 18.2095 28.1251 78.8741 125.209
258000 16.9551 28.0567 80.6166 125.628
259000 17.2228 29.4104 80.8138 127.447
260000 16.5361 28.2449 81.4626 126.244
261000 16.9365 29.4844 87.6463 134.067
262000 17.169 26.716 85.7061 129.591
263000 16.7365 27.0754 86.2214 130.033
264000 16.9856 27.3497 86.3432 130.678
265000 16.4055 26.0589 84.412 126.876
266000 16.8325 27.3822 88.2893 132.504
267000 17.9956 25.7771 85.1706 128.943
268000 18.3258 25.1555 85.8905 129.372
269000 18.3352 25.6022 86.7148 130.652
270000 18.2355 25.9206 82.5344 126.69
271000 19.6255 24.6877 84.1899 128.503
272000 18.9146 24.4415 85.288 128.644
273000 19.689 24.605 84.5105 128.804
274000 19.2978 23.8963 83.8946 127.089
275000 22.0499 22.0293 84.6961 128.775
276000 22.303 22.5622 84.9123 129.777
277000 20.9828 23.6998 85.5493 130.232
278000 22.2698 22.7929 85.408 130.471
279000 22.0612 22.4148 83.7381 128.214
280000 22.6413 21.9703 83.3612 127.973
281000 22.1783 23.5286 85.8539 131.561
282000 21.8076 23.0366 83.9498 128.794
283000 22.811 22.2078 84.0845 129.103
284000 23.5733 22.9981 85.329 131.9
285000 22.1124 24.0534 86.806 132.972
286000 23.6491 22.8721 89.749 136.27
287000 23.2235 22.8504 88.4282 134.502
288000 22.7673 20.4266 88.0339 131.228
289000 22.8149 20.5699 89.6232 133.008
290000 23.4435 21.2918 92.3496 137.085
291000 23.1235 22.861 93.5165 139.501
292000 22.0815 20.5626 91.0796 133.724
293000 24.6192 20.2164 94.074 138.91
294000 26.6247 18.7455 89.3348 134.705
295000 24.4427 18.9142 92.4046 135.761
296000 25.6324 19.408 92.1927 137.233
297000 23.219 19.9838 90.7125 133.915
298000 25.4404 18.982 88.8089 133.231
299000 22.6404 18.7854 89.0527 130.479
300000 21.879 19.0056 86.6687 127.553
301000 22.2758 20.2955 85.8784 128.45
302000 21.3734 19.2724 86.6789 127.325
303000 22.908 18.6718 84.4265 126.006
304000 23.5198 18.2024 87.0658 128.788
305000 22.7667 19.7758 86.19 128.733
306000 25.6438 18.3616 86.1639 130.169
307000 22.8033 19.3402 84.5547 126.698
308000 22.8711 19.1168 87.3204 129.308
309000 24.1728 19.033 86.2564 129.462
310000 23.8835 18.7341 86.0158 128.633
311000 24.3903 16.7637 86.3033 127.457
312000 25.7846 16.5762 85.393 127.754
313000 26.8093 17.4135 86.5437 130.766
314000 26.3568 17.6219 88.6069 132.585
315000 26.1606 18.4872 87.0897 131.738
316000 25.6272 18.9061 89.2292 133.762
317000 24.5794 19.1007 86.9538 130.634
318000 24.5153 18.8874 84.7747 128.177
319000 24.3737 18.9084 85.8663 129.148
320000 25.4638 18.6041 85.3414 129.409
321000 25.5927 18.5034 85.7812 129.877
322000 24.4309 20.255 84.9953 129.681
323000 24.296 19.0345 84.0356 127.366
324000 22.7186 18.8922 86.381 127.992
325000 21.4486 18.6624 89.2867 129.398
326000 21.0869 19.0648 87.95 128.102
327000 22.386 18.9881 90.8722 132.246
328000 22.8775 18.2955 89.7657 130.939
329000 23.9334 18.3384 91.2544 133.526
330000 24.739 19.466 90.8004 135.005
331000 24.8825 17.2736 92.2024 134.359
332000 23.7812 19.5161 92.205 135.502
333000 24.4668 19.3772 91.7853 135.629
334000 26.7041 19.3935 92.0285 138.126
335000 27.4688 18.5705 93.6 139.639
336000 26.2232 20.6042 92.8636 139.691
337000 25.2217 20.0627 92.8644 138.149
338000 25.9358 20.2643 93.2979 139.498
339000 26.063 20.2433 91.5339 137.84
340000 24.6415 22.267 93.2926 140.201
341000 26.112 23.1357 92.1207 141.368
342000 26.2566 22.792 93.3881 142.437
343000 25.1835 22.6397 91.4677 139.291
344000 24.6108 22.5491 94.3848 141.545
345000 25.0137 23.0238 92.3895 140.427
346000 23.3512 24.343 93.1146 140.809
347000 23.2446 25.4576 94.4459 143.148
348000 23.5512 26.503 94.1516 144.206
349000 23.2265 24.5549 94.9829 142.764
350000 22.9135 24.8477 96.4221 144.183
351000 24.3915 25.1468 96.8809 146.419
352000 25.1427 24.0653 96.6301 145.838
353000 26.6038 23.8102 95.6996 146.114
354000 24.525 24.3222 94.9956 143.843
355000 24.9449 24.4229 93.183 142.551
356000 22.5925 25.2084 93.6722 141.473
357000 23.4059 25.7703 92.0713 141.247
358000 23.2917 27.3152 94.3939 145.001
359000 22.9842 28.6567 93.1021 144.743
360000 24.4198 28.687 94.0193 147.126
361000 24.8116 26.6884 93.401 144.901
362000 25.2764 28.6427 96.4992 150.418
363000 24.9228 28.0916 96.4988 149.513
364000 25.1109 27.3702 97.6882 150.169
365000 23.8659 28.3604 99.5663 151.793
366000 24.394 31.1107 98.6004 154.105
367000 25.4166 29.3594 98.897 153.673
368000 24.7919 28.8476 99.283 152.923
369000 24.3604 29.9699 99.1805 153.511
370000 24.0626 31.5534 100.263 155.879
371000 24.1797 28.9431 98.3332 151.456
372000 23.6565 30.9097 99.9722 154.538
373000 24.0401 31.4571 100.41 155.907
374000 24.3203 29.8518 100.037 154.209
375000 23.3715 29.4838 98.6665 151.522
376000 24.6399 30.1757 100.292 155.107
377000 24.8694 29.5877 100.308 154.765
378000 24.9954 28.3627 97.167 150.525
379000 26.1864 28.2171 101.565 155.969
380000 27.2383 29.4987 102.687 159.424
381000 27.6632 29.658 103.182 160.503
382000 26.2281 28.7435 103.648 158.619
383000 27.8563 27.5946 104.594 160.045
384000 28.6443 26.8978 107.281 162.823
385000 26.9232 26.5526 109.552 163.028
386000 27.4286 27.1626 109.371 163.962
387000 28.2257 28.1877 109.886 166.3
388000 27.8982 27.0342 107.165 162.098
389000 26.6894 27.906 108.645 163.241
390000 26.4198 30.4928 110.949 167.861
391000 27.105 27.5914 113.562 168.258
392000 27.7543 26.4878 112.739 166.981
393000 25.2896 28.4352 116.392 170.117
394000 26.3948 24.6941 119.772 170.861
395000 23.8936 27.2447 116.489 167.627
396000 25.0787 25.7852 117.59 168.454
397000 22.2505 27.8575 115.711 165.819
398000 22.4924 25.5617 115.912 163.966
399000 21.0937 26.4569 116.196 163.746
400000 21.5289 25.5339 116.318 163.381
401000 21.9617 25.4299 116.54 163.932
402000 20.8292 24.2516 118.319 163.399
403000 21.5008 24.2761 119.292 165.069
404000 20.5753 24.0567 117.457 162.089
405000 21.2565 23.4415 118.382 163.08
406000 21.9575 23.1472 121.581 166.686
407000 23.7555 22.1737 123.763 169.692
408000 26.857 20.6215 122.853 170.332
409000 24.8661 18.3616 123.729 166.956
410000 25.1129 17.7835 124.632 167.528
411000 28.1956 16.8977 128.904 173.997
412000 30.8882 15.3365 122.03 168.255
413000 32.0217 14.7702 120.266 167.057
414000 30.6462 16.9177 122.812 170.376
415000 30.3062 17.9992 121.861 170.166
416000 30.9982 19.4045 121.341 171.744
417000 31.6648 19.4045 118.727 169.796
418000 27.0139 21.5206 119.914 168.449
419000 27.8838 22.114 119.993 169.991
420000 28.94 22.276 118.744 169.96
421000 26.8317 24.5892 119.568 170.989
422000 26.0816 25.4194 122.135 173.636
423000 26.4329 26.0737 122.389 174.895
424000 26.1872 27.5636 119.407 173.158
425000 26.408 26.9746 121.516 174.899
426000 25.1756 27.5544 118.727 171.457
427000 26.1939 28.8536 121.79 176.838
428000 24.5966 28.4581 123.796 176.851
429000 26.7258 27.0387 120.563 174.327
430000 27.345 26.6006 123.978 177.923
431000 25.8721 27.2808 118.205 171.358
432000 25.0364 27.8529 121 173.89
433000 26.9768 26.5015 121.874 175.352
434000 26.5067 27.1183 119.077 172.702
435000 27.5898 25.9643 123.112 176.666
436000 28.1508 26.0114 121.704 175.867
437000 25.7921 26.3751 122.133 174.3
438000 25.7405 25.6615 122.368 173.77
439000 25.4521 25.6604 121.678 172.791
440000 25.1917 27.1935 123.326 175.711
441000 25.8806 26.6883 124.357 176.926
442000 26.6598 25.3949 125.461 177.515
443000 25.5475 25.005 124.999 175.551
444000 26.3732 25.4614 123.873 175.708
445000 26.2435 26.2493 124.459 176.951
446000 26.3809 25.5778 124.742 176.701
447000 26.7716 25.916 123.567 176.254
448000 26.4973 27.3482 122.626 176.471
449000 27.1581 25.7381 123.256 176.152
450000 27.0209 25.6257 123.22 175.866
451000 25.5159 26.5287 119.735 171.779
452000 25.5184 27.0974 115.088 167.704
453000 27.5667 27.1508 114.587 169.305
454000 27.5539 26.5877 112.059 166.2
455000 24.9657 28.6366 108.774 162.376
456000 23.7252 29.7415 109.484 162.95
457000 24.3178 28.4416 112.758 165.517
458000 24.0397 29.5135 110.158 163.711
459000 23.7459 28.0507 114.842 166.638
460000 25.0011 28.4136 115.448 168.863
461000 23.1444 28.9886 115.055 167.188
462000 23.7723 26.0688 115.091 164.932
463000 25.9848 27.083 120.824 173.891
464000 26.838 26.5913 119.65 173.08
465000 26.2547 27.3069 123.315 176.877
466000 26.6423 29.1724 123.178 178.993
467000 25.6616 27.85 123.445 176.957
468000 25.5769 29.5418 123.815 178.934
469000 24.6127 30.8525 127.138 182.603
470000 25.4217 30.4759 128.245 184.142
471000 26.2169 26.9186 126.617 179.752
472000 25.822 27.4908 125.301 178.614
473000 25.9188 27.2903 126.662 179.871
474000 24.8741 29.7972 126.503 181.174
475000 25.3336 28.7109 121.839 175.883
476000 26.1272 28.5626 121.558 176.248
477000 27.3039 26.0015 122.714 176.02
478000 28.8632 27.4644 123.452 179.78
479000 28.6843 26.7542 124.74 180.179
480000 29.1589 24.6342 122.902 176.695
481000 27.6869 24.619 125.451 177.757
482000 28.5549 25.45 123.432 177.437
483000 28.7507 24.3137 123.51 176.574
484000 28.7039 25.8577 126.243 180.805
485000 30.2348 26.0062 128.538 184.779
486000 28.7386 24.8328 126.109 179.68
487000 30.2732 25.4627 126.509 182.245
488000 28.8915 27.0822 125.934 181.907
489000 28.7852 26.4647 125.2 180.45
490000 28.8933 27.1404 118.21 174.244
491000 26.9459 28.7483 121.897 177.592
492000 27.5004 27.3973 120.016 174.914
493000 27.1921 29.177 118.846 175.215
494000 28.9743 28.1394 122.903 180.017
495000 27.9286 28.4335 121.747 178.109
496000 27.0444 27.1965 118.031 172.272
497000 29.1001 28.5238 122.185 179.809
498000 28.4421 29.7737 119.463 177.679
499000 28.9837 28.7978 119.099 176.881
500000 28.787 29.9004 116.72 175.408
