   Step          Temp          Press          Volume         PotEng         KinEng         TotEng        Enthalpy   
         0   0              1105433        8000           2996.1822      0              2996.1822      8515.8388    
      1000   33404.314      1689338.6      8000          -504.81733      3415.4166      2910.5992      11345.818    
      2000   33042.266      1674828.7      8000          -477.378        3378.399       2901.021       11263.789    
      3000   33033.377      1680853.9      8000          -494.0486       3377.4902      2883.4416      11276.294    
      4000   33106.852      1679340.5      8000          -524.92854      3385.0026      2860.0741      11245.37     
      5000   32750.493      1674034.5      8000          -517.11913      3348.5668      2831.4477      11190.25     
      6000   32781.948      1648486.5      8000          -552.06239      3351.7829      2799.7205      11030.956    
      7000   32312.487      1660373.8      8000          -537.58531      3303.7829      2766.1976      11056.789    
      8000   32019.011      1656589.7      8000          -540.75964      3273.7765      2733.0169      11004.713    
      9000   31689.723      1638326.2      8000          -538.37824      3240.1085      2701.7303      10882.233    
     10000   31825.458      1635101.2      8000          -581.73384      3253.9868      2672.253       10836.653    
     11000   30873.505      1630055.2      8000          -511.67421      3156.6546      2644.9804      10784.185    
     12000   30603.653      1649854.6      8000          -511.31169      3129.0636      2617.7519      10855.819    
     13000   31353.801      1623021.2      8000          -615.84018      3205.7623      2589.9221      10694.004    
     14000   30731.813      1619198.3      8000          -579.99699      3142.1673      2562.1703      10647.164    
     15000   30373.987      1617047.3      8000          -572.75848      3105.5814      2532.8229      10607.076    
     16000   30234.236      1613684.1      8000          -589.01025      3091.2926      2502.2823      10559.742    
     17000   30071.243      1611298.2      8000          -603.8582       3074.6274      2470.7692      10516.316    
     18000   30130.907      1594601        8000          -642.78251      3080.7278      2437.9453      10400.119    
     19000   29771.998      1589465.4      8000          -639.83024      3044.0312      2404.201       10340.732    
     20000   30449.547      1566058.6      8000          -742.93444      3113.307       2370.3726      10190.028    
     21000   29358.057      1576354.9      8000          -665.45755      3001.7079      2336.2504      10207.318    
     22000   29041.617      1568794.2      8000          -667.77877      2969.3536      2301.5748      10134.89     
     23000   28212.476      1579601.5      8000          -617.39742      2884.5783      2267.1808      10154.459    
     24000   28138.642      1562750.8      8000          -643.89428      2877.0291      2233.1348      10036.274    
     25000   29204.685      1529936.9      8000          -787.80305      2986.0265      2198.2234      9837.5161    
     26000   28073.081      1534268.7      8000          -706.32925      2870.3258      2163.9965      9824.9187    
     27000   27986.412      1539315.2      8000          -732.21544      2861.4644      2129.2489      9815.3696    
     28000   28319.252      1519543        8000          -800.06874      2895.4955      2095.4268      9682.8204    
     29000   26967.735      1539485.9      8000          -696.27532      2757.3099      2061.0346      9748.0073    
     30000   27552.243      1503558.8      8000          -790.25196      2817.0729      2026.8209      9534.4023    
     31000   27459.655      1497473.1      8000          -815.03252      2807.6062      1992.5737      9469.7676    
     32000   26775.941      1507593.4      8000          -779.3973       2737.7         1958.3027      9486.0299    
     33000   25853.709      1516077.9      8000          -718.62889      2643.4067      1924.7778      9494.8698    
     34000   25935.658      1502799.3      8000          -760.84967      2651.7856      1890.9359      9394.7247    
     35000   25722.674      1489677.5      8000          -772.53519      2630.009       1857.4738      9295.743     
     36000   26043.474      1480423.1      8000          -838.39905      2662.8091      1824.41        9216.4698    
     37000   25657.211      1474831.1      8000          -832.11029      2623.3158      1791.2055      9155.3435    
     38000   25826.809      1449699.8      8000          -882.4377       2640.6563      1758.2186      8996.8707    
     39000   25006.185      1458900.3      8000          -831.42244      2556.7517      1725.3293      9009.9216    
     40000   25148.279      1446092        8000          -878.62172      2571.2801      1692.6584      8913.2961    
     41000   25028.378      1432633.2      8000          -898.81863      2559.0208      1660.2022      8813.6373    
     42000   24599.951      1443119.3      8000          -887.53897      2515.2165      1627.6775      8833.4719    
     43000   23154.817      1460903.2      8000          -771.84796      2367.459       1595.611       8890.2041    
     44000   24359.827      1418045.6      8000          -926.65761      2490.665       1564.0074      8644.6037    
     45000   24107.577      1415720.6      8000          -932.64789      2464.8738      1532.2259      8601.2127    
     46000   23463.561      1421270.4      8000          -897.86093      2399.0265      1501.1656      8597.8641    
     47000   24128.35       1393786.9      8000          -997.04579      2466.9977      1469.9519      8429.4191    
     48000   23259.49       1402677.5      8000          -939.11777      2378.1614      1439.0436      8442.9035    
     49000   22812.816      1406756.5      8000          -924.271        2332.4912      1408.2202      8432.4476    
     50000   22469.221      1395746.2      8000          -919.27186      2297.3605      1378.0886      8347.3393    
     51000   22058.288      1396927.6      8000          -907.2926       2255.3447      1348.0521      8323.2017    
     52000   22251.049      1374004.8      8000          -956.8138       2275.0535      1318.2397      8178.9309    
     53000   22139.658      1378159        8000          -975.19341      2263.6644      1288.471       8169.9052    
     54000   22006.795      1373532.5      8000          -990.97827      2250.0798      1259.1015      8117.4343    
     55000   22237.038      1346549.6      8000          -1043.7287      2273.621       1229.8923      7953.4942    
     56000   22165.03       1345155.4      8000          -1065.2418      2266.2585      1201.0167      7917.6572    
     57000   21878.064      1336394.4      8000          -1064.5244      2236.9177      1172.3933      7845.2879    
     58000   21899.514      1333478.3      8000          -1095.2491      2239.1109      1143.8618      7802.1962    
     59000   21199.824      1336154.2      8000          -1052.0764      2167.5712      1115.4948      7787.1902    
     60000   20697.09       1339780.2      8000          -1028.3621      2116.1693      1087.8072      7777.6078    
     61000   20622.712      1324786.9      8000          -1048.7459      2108.5645      1059.8187      7674.7546    
     62000   20639.708      1309258.5      8000          -1077.8579      2110.3023      1032.4444      7569.8437    
     63000   19856.919      1323306.3      8000          -1024.9623      2030.2662      1005.3039      7612.8469    
     64000   20071.214      1309613.6      8000          -1073.8699      2052.1768      978.30687      7517.4793    
     65000   19698.244      1301586.4      8000          -1062.3347      2014.0425      951.70777      7450.799     
     66000   20052.868      1289975.6      8000          -1125.0066      2050.3009      925.2943       7366.4104    
     67000   20384.948      1275506.4      8000          -1185.3023      2084.2544      898.95216      7267.8207    
     68000   19783.33       1284570.7      8000          -1149.7489      2022.7422      872.99327      7287.1215    
     69000   19475.265      1280689.6      8000          -1143.8159      1991.2441      847.42821      7242.1775    
     70000   19405.876      1266659.4      8000          -1162.1897      1984.1494      821.95968      7146.6529    
     71000   18547.636      1280119        8000          -1099.6162      1896.3988      796.7826       7188.6827    
     72000   19078.811      1257205.2      8000          -1179.0739      1950.7087      771.63487      7049.1216    
     73000   19057.752      1248840.9      8000          -1201.8648      1948.5556      746.69074      6982.4127    
     74000   18624.633      1254289.5      8000          -1182.1083      1904.2714      722.16309      6985.0911    
     75000   18411.197      1242555.8      8000          -1184.6424      1882.4487      697.80635      6902.1457    
     76000   18358.138      1243160.3      8000          -1203.5571      1877.0236      673.46656      6880.8242    
     77000   18307.461      1232646.7      8000          -1222.3002      1871.8422      649.54207      6804.4032    
     78000   18005.291      1232966.2      8000          -1214.9454      1840.947       626.00155      6782.4579    
     79000   18130.073      1215367.3      8000          -1251.0999      1853.7052      602.60527      6671.1866    
     80000   17646.932      1217685.1      8000          -1224.8754      1804.3066      579.43118      6659.5857    
     81000   18171.296      1198229.9      8000          -1301.5493      1857.92        556.37072      6539.3816    
     82000   17690.275      1208833.9      8000          -1275.0521      1808.7382      533.68609      6569.6449    
     83000   17288.061      1202522.1      8000          -1256.3597      1767.6139      511.25428      6515.6968    
     84000   17710.91       1180807.3      8000          -1321.9694      1810.848       488.87866      6384.8949    
     85000   16782.747      1202981.2      8000          -1249.1731      1715.9481      466.77501      6473.5102    
     86000   16625.576      1195465.7      8000          -1254.9808      1699.8783      444.89749      6414.1062    
     87000   16805.604      1190713.1      8000          -1295.0486      1718.2852      423.23658      6368.7143    
     88000   17200.684      1164843.1      8000          -1356.8865      1758.68        401.79353      6218.0968    
     89000   16577.063      1171852.7      8000          -1314.3958      1694.9181      380.5223       6231.8263    
     90000   15978.238      1187864.3      8000          -1274.0592      1633.6914      359.63215      6290.8852    
     91000   16274.424      1161875.7      8000          -1325.0411      1663.9748      338.93368      6140.4206    
     92000   15779.57       1172674.2      8000          -1295.1456      1613.3786      318.23292      6173.6386    
     93000   16205.471      1146769.8      8000          -1358.9859      1656.9247      297.93882      6023.9988    
     94000   16502.669      1137798.1      8000          -1409.8113      1687.3117      277.50039      5958.7625    
     95000   15821.64       1147224        8000          -1360.2127      1617.68        257.46731      5985.7949    
     96000   15758.578      1139394.1      8000          -1373.6333      1611.2323      237.59897      5926.8306    
     97000   15457.035      1139947.8      8000          -1362.4168      1580.4011      217.98427      5909.9805    
     98000   15176.449      1139233.3      8000          -1353.0281      1551.7126      198.68449      5887.1131    
     99000   15609.215      1114000.2      8000          -1416.7312      1595.9607      179.22951      5741.6638    
    100000   15204.066      1126822.8      8000          -1394.4778      1554.5363      160.05845      5786.5185    
    101000   15018.507      1122490        8000          -1394.2809      1535.5639      141.28299      5746.1088    
    102000   15428.121      1101206.8      8000          -1455.0814      1577.4447      122.36336      5620.9176    
    103000   14761.173      1111345.3      8000          -1405.2429      1509.2528      104.00989      5653.1876    
    104000   14258.474      1119975.1      8000          -1372.2366      1457.8545      85.617884      5677.8862    
    105000   14209.743      1115310.2      8000          -1385.4597      1452.872       67.412338      5636.388     
    106000   14406.262      1099673.1      8000          -1423.5447      1472.965       49.420354      5540.3166    
    107000   14531.367      1091972.1      8000          -1454.3406      1485.7563      31.415714      5483.8592    
    108000   14109.29       1099068.4      8000          -1428.8459      1442.6012      13.755347      5501.632     
    109000   14398.743      1082607.8      8000          -1475.9821      1472.1963     -3.7858349      5401.8998    
    110000   13693.052      1098941.8      8000          -1421.0039      1400.043      -20.96091       5466.2838    
    111000   14129.683      1071717.9      8000          -1482.7517      1444.6863     -38.065369      5313.2446    
    112000   13840.582      1076456.5      8000          -1470.1566      1415.1272     -55.02936       5319.9415    
    113000   13509.008      1078586.3      8000          -1453.0725      1381.2255     -71.847058      5313.7584    
    114000   13461.532      1071769.3      8000          -1464.8852      1376.3713     -88.513952      5263.0529    
    115000   13664.247      1063321.4      8000          -1502.24        1397.0978     -105.14214      5204.2424    
    116000   13518.083      1058042.3      8000          -1503.6685      1382.1533     -121.51515      5161.5096    
    117000   13485.602      1055164.3      8000          -1516.6717      1378.8323     -137.83941      5130.8153    
    118000   13325.958      1049865.6      8000          -1516.4916      1362.5096     -153.98202      5088.215     
    119000   12803.355      1055609.3      8000          -1478.9285      1309.0761     -169.85234      5101.0241    
    120000   12801.552      1050747.2      8000          -1494.4978      1308.8918     -185.60599      5060.993     
    121000   12908.621      1044564.8      8000          -1521.1365      1319.839      -201.29751      5014.4314    
    122000   12985.125      1037536.3      8000          -1544.4202      1327.6612     -216.75904      4963.8751    
    123000   12614.364      1037402.9      8000          -1521.786       1289.7528     -232.03319      4947.9351    
    124000   12690.743      1033876.9      8000          -1544.8246      1297.5622     -247.26244      4915.0994    
    125000   12783.102      1018878.6      8000          -1569.2865      1307.0053     -262.28117      4825.1914    
    126000   12475.185      1023147.9      8000          -1552.6369      1275.5225     -277.11442      4831.6754    
    127000   12329.16       1017574.1      8000          -1552.4252      1260.5921     -291.83306      4789.1256    
    128000   12166.06       1023289.1      8000          -1550.4388      1243.9161     -306.5227       4802.9722    
    129000   12282.873      1016371.9      8000          -1576.9462      1255.8596     -321.08658      4753.8695    
    130000   11855.676      1021381.4      8000          -1547.5923      1212.1809     -335.41139      4764.5579    
    131000   12310.317      1000926.2      8000          -1608.2439      1258.6656     -349.57835      4648.254     
    132000   12090.59       998346.41      8000          -1599.9363      1236.1997     -363.7366       4621.2144    
    133000   11756.048      1001073        8000          -1579.5825      1201.9945     -377.58804      4620.9774    
    134000   12187.445      991061.34      8000          -1637.6246      1246.1025     -391.52204      4557.0531    
    135000   11954.175      989696.51      8000          -1627.5685      1222.2519     -405.31658      4536.4436    
    136000   11797.95       989551.91      8000          -1624.9969      1206.2787     -418.71814      4522.32      
    137000   11414.853      984914.95      8000          -1599.2687      1167.1091     -432.15966      4485.7252    
    138000   11759.002      981595.13      8000          -1647.8412      1202.2965     -445.54472      4455.7636    
    139000   11338.12       983967.41      8000          -1618.0461      1159.2635     -458.78257      4454.3711    
    140000   11389.358      975392.84      8000          -1636.2954      1164.5024     -471.79306      4398.546     
    141000   11251.014      978561.09      8000          -1635.007       1150.3574     -484.64953      4401.5092    
    142000   11288.219      969710.33      8000          -1651.7591      1154.1614     -497.59771      4344.3673    
    143000   11040.607      969874.35      8000          -1639.1454      1128.8444     -510.301        4332.483     
    144000   10894.592      970192.65      8000          -1636.728       1113.9151     -522.81296      4321.5604    
    145000   10983.095      966811.44      8000          -1658.3288      1122.964      -535.36475      4292.1256    
    146000   11134.79       959158.67      8000          -1686.2465      1138.4741     -547.77242      4241.506     
    147000   10769.06       959420.6       8000          -1661.0756      1101.0801     -559.99555      4230.5908    
    148000   10472.772      960177.38      8000          -1642.8878      1070.7862     -572.1016       4222.2635    
    149000   10918.662      943328.35      8000          -1700.6804      1116.3761     -584.30429      4125.93      
    150000   10761.485      946612.5       8000          -1696.5174      1100.3056     -596.21182      4130.421     
    151000   10588.177      944626.06      8000          -1690.6451      1082.5858     -608.05932      4108.6548    
    152000   10245.491      948030.29      8000          -1667.375       1047.5479     -619.82705      4113.8851    
    153000   10026.225      950430.15      8000          -1656.5946      1025.1291     -631.4655       4114.2296    
    154000   10286.729      940373.29      8000          -1694.8073      1051.7643     -643.04298      4052.4361    
    155000   10167.521      941895.22      8000          -1694.1026      1039.5758     -654.52679      4048.5517    
    156000   10068.413      936093.95      8000          -1695.2843      1029.4427     -665.84161      4008.2699    
    157000   9867.2605      936074.13      8000          -1686.0681      1008.8758     -677.1923       3996.8203    
    158000   10329.375      916417.92      8000          -1744.5488      1056.1246     -688.42415      3887.4408    
    159000   9753.8269      933009.36      8000          -1696.6194      997.27783     -699.34157      3959.3679    
    160000   10028.32       915405.44      8000          -1735.6883      1025.3433     -710.34493      3860.4645    
    161000   9732.9244      921428.74      8000          -1716.3628      995.14066     -721.22212      3879.6629    
    162000   10095.325      906940.83      8000          -1764.2332      1032.1942     -732.03895      3796.5049    
    163000   9781.0888      907891.82      8000          -1742.7738      1000.0652     -742.70861      3790.5838    
    164000   9852.9796      907002.23      8000          -1760.7932      1007.4157     -753.37756      3775.4729    
    165000   9623.3725      908196.24      8000          -1747.8476      983.93955     -763.90802      3770.9044    
    166000   9944.26        893017.74      8000          -1791.0604      1016.7486     -774.31177      3684.7113    
    167000   9503.6882      903525.92      8000          -1756.2364      971.70245     -784.53398      3726.9586    
    168000   9351.3527      902834.32      8000          -1750.7999      956.12695     -794.67294      3713.3663    
    169000   9539.5113      893239.16      8000          -1780.2106      975.36518     -804.84544      3655.2832    
    170000   9366.523       896300.38      8000          -1772.4597      957.67804     -814.78165      3660.6323    
    171000   9297.8421      887848.08      8000          -1775.3451      950.65577     -824.68929      3608.5206    
    172000   9169.2479      889954.23      8000          -1772.0313      937.50769     -834.52363      3609.2027    
    173000   9076.7215      895387.63      8000          -1772.4399      928.04734     -844.3926       3626.4638    
    174000   9104.7013      885768.16      8000          -1785.0208      930.90813     -854.11267      3568.7117    
    175000   8904.9874      884099.98      8000          -1774.2485      910.48843     -863.7601       3550.7347    
    176000   8748.6253      889615.84      8000          -1767.7766      894.50122     -873.27533      3568.7613    
    177000   8798.0471      880351.87      8000          -1782.3077      899.55434     -882.75331      3513.0264    
    178000   8798.2861      882259.14      8000          -1791.7821      899.57878     -892.2033       3513.0998    
    179000   8851.1901      871292.48      8000          -1806.5476      904.98794     -901.55964      3448.9846    
    180000   8434.2443      879884.14      8000          -1773.0566      862.35741     -910.69918      3482.7451    
    181000   8536.6087      874450.7       8000          -1792.6918      872.82363     -919.86821      3446.4458    
    182000   8762.0171      863808.05      8000          -1824.8556      895.87046     -928.9851       3384.1879    
    183000   8689.762       863187.19      8000          -1826.4709      888.48276     -937.98818      3372.0847    
    184000   8592.1594      862095.38      8000          -1825.4284      878.50341     -946.92497      3357.6963    
    185000   8432.4523      863805.69      8000          -1817.8736      862.17419     -955.69945      3357.4618    
    186000   8670.6893      855353.51      8000          -1850.9677      886.53267     -964.43507      3306.5227    
    187000   8111.0026      863034.78      8000          -1802.4353      829.30763     -973.1277       3336.1842    
    188000   8374.0123      851931.41      8000          -1837.9745      856.199       -981.77551      3272.0949    
    189000   8201.1534      848757.21      8000          -1828.8789      838.52508     -990.35383      3247.6672    
    190000   8440.42        844093.51      8000          -1861.9312      862.98884     -998.94241      3215.7918    
    191000   8562.7609      841301.34      8000          -1882.853       875.49756     -1007.3555      3193.4369    
    192000   8047.2527      848504.05      8000          -1838.4799      822.78954     -1015.6903      3221.0666    
    193000   7993.4205      845371.52      8000          -1841.2066      817.28548     -1023.9211      3197.1945    
    194000   8209.5643      834121.17      8000          -1871.5664      839.38505     -1032.1814      3132.7589    
    195000   8208.377       832064.4       8000          -1879.6214      839.26366     -1040.3578      3114.3126    
    196000   8197.0705      828759.27      8000          -1886.5325      838.10762     -1048.4249      3089.7423    
    197000   8132.3532      829707.13      8000          -1887.9723      831.49062     -1056.4817      3086.4183    
    198000   7614.7805      841732.25      8000          -1842.8841      778.57152     -1064.3126      3138.6313    
    199000   7860.7447      826777.08      8000          -1875.9048      803.72008     -1072.1847      3056.085     
    200000   7934.3991      823518.27      8000          -1891.1996      811.25085     -1079.9487      3032.049     
    201000   7784.9757      827886.34      8000          -1883.7389      795.97309     -1087.7658      3046.0427    
    202000   7744.4634      822488.84      8000          -1887.2268      791.83091     -1095.3958      3011.4618    
    203000   7787.8932      815597.66      8000          -1899.3111      796.27138     -1103.0397      2969.4088    
    204000   7626.1904      819356.99      8000          -1890.3811      779.73812     -1110.643       2980.5766    
    205000   7982.1799      805837         8000          -1934.3454      816.13619     -1118.2093      2905.5022    
    206000   7557.2049      819225.97      8000          -1898.3406      772.68471     -1125.6559      2964.9095    
    207000   7390.7831      813450.65      8000          -1888.666       755.66895     -1132.997       2928.731     
    208000   7484.2774      810218.92      8000          -1905.6059      765.22825     -1140.3776      2905.2138    
    209000   7205.6981      813454.14      8000          -1884.4549      736.74498     -1147.7099      2914.0355    
    210000   7506.7438      806125.45      8000          -1922.5185      767.52532     -1154.9932      2870.1586    
    211000   7404.5989      807848.39      8000          -1919.193       757.08154     -1162.1115      2871.6433    
    212000   7340.1408      803022.16      8000          -1919.6881      750.49105     -1169.1971      2840.4594    
    213000   7253.7193      802646.96      8000          -1917.919       741.65489     -1176.2641      2831.5188    
    214000   7407.4535      794482.71      8000          -1940.6074      757.37341     -1183.234       2783.7832    
    215000   7258.067       796225.31      8000          -1932.2529      742.09942     -1190.1535      2785.5648    
    216000   7294.3796      794570.46      8000          -1942.8988      745.8122      -1197.0867      2770.3687    
    217000   7138.1527      798150.62      8000          -1933.7745      729.83882     -1203.9357      2781.3961    
    218000   6931.4173      800504.23      8000          -1919.4147      708.70121     -1210.7135      2786.3704    
    219000   7195.0283      787899.32      8000          -1953.1511      735.65405     -1217.4971      2716.6479    
    220000   7207.6273      786408.98      8000          -1961.1852      736.94223     -1224.243       2702.4604    
    221000   7032.1653      786540.75      8000          -1949.86        719.00216     -1230.8578      2696.5035    
    222000   6851.8461      785683.05      8000          -1938.0538      700.56546     -1237.4884      2685.5903    
    223000   6722.1506      792662.81      8000          -1931.4012      687.30477     -1244.0964      2713.8336    
    224000   7140.6969      774038         8000          -1980.7674      730.09894     -1250.6684      2614.264     
    225000   7147.1311      769014.21      8000          -1987.9185      730.75681     -1257.1617      2582.686     
    226000   6996.6936      773064.41      8000          -1978.8797      715.37536     -1263.5044      2596.5668    
    227000   6675.4851      780371.49      8000          -1952.3472      682.53347     -1269.8137      2626.7432    
    228000   6542.3159      781526.89      8000          -1945.0744      668.91761     -1276.1568      2626.1693    
    229000   6699.5181      771846.99      8000          -1967.3854      684.99072     -1282.3947      2571.5976    
    230000   6585.5212      777007.98      8000          -1961.9223      673.33513     -1288.5872      2591.175     
    231000   6772.7194      767567.81      8000          -1987.172       692.47517     -1294.6968      2537.9287    
    232000   6812.4464      762772.07      8000          -1997.3128      696.53705     -1300.7757      2507.9036    
    233000   6534.149       768564.9       8000          -1974.8969      668.08259     -1306.8143      2530.7898    
    234000   6643.9583      765205.84      8000          -1992.1315      679.31002     -1312.8215      2508.0102    
    235000   6608.4587      763341.15      8000          -1994.5123      675.68037     -1318.8319      2492.689     
    236000   6551.3552      763522.86      8000          -1994.5833      669.84183     -1324.7415      2487.6867    
    237000   6616.1178      756871.18      8000          -2007.1094      676.46348     -1330.6459      2448.5691    
    238000   6488.7141      755683.4       8000          -1999.8495      663.43711     -1336.4124      2436.8718    
    239000   6347.6852      760588.1       8000          -1991.2545      649.01765     -1342.2369      2455.5375    
    240000   6451.0667      751936.14      8000          -2007.5401      659.58787     -1347.9522      2406.6211    
    241000   6329.5924      755355.8       8000          -2000.773       647.16775     -1353.6053      2418.0431    
    242000   6425.6855      750264.64      8000          -2016.2697      656.99277     -1359.277       2386.9502    
    243000   6341.2552      750065.82      8000          -2013.1734      648.36021     -1364.8131      2380.4212    
    244000   6144.5799      752112.63      8000          -1998.6257      628.25118     -1370.3745      2385.0801    
    245000   6280.8435      746465.09      8000          -2018.1116      642.18343     -1375.9282      2351.327     
    246000   6308.7191      743275.2       8000          -2026.4659      645.03356     -1381.4324      2329.8951    
    247000   5991.5813      752698.28      8000          -1999.5035      612.60788     -1386.8956      2371.4832    
    248000   6095.6206      746538.43      8000          -2015.5986      623.24536     -1392.3533      2335.2681    
    249000   6385.3604      732644.83      8000          -2050.6597      652.86973     -1397.79        2260.4578    
    250000   5961.2657      745351.33      8000          -2012.6589      609.50827     -1403.1507      2318.5433    
    251000   6007.7827      741288.74      8000          -2022.7368      614.26439     -1408.4724      2292.9362    
    252000   5997.0364      738143.36      8000          -2026.9369      613.16563     -1413.7713      2271.9318    
    253000   6161.1123      729924.09      8000          -2048.9439      629.94154     -1419.0024      2225.6602    
    254000   6021.7406      734691.98      8000          -2039.9136      615.69151     -1424.2221      2244.2475    
    255000   6003.706       729092.27      8000          -2043.1936      613.84757     -1429.346       2211.1631    
    256000   5878.1926      733078.31      8000          -2035.5298      601.01448     -1434.5153      2225.897     
    257000   5876.2594      729417.84      8000          -2040.3852      600.81682     -1439.5683      2202.5664    
    258000   5878.8898      728160.72      8000          -2045.7236      601.08576     -1444.6378      2191.2199    
    259000   5717.4957      730944.61      8000          -2034.1816      584.58406     -1449.5976      2200.1607    
    260000   5897.1735      725741.39      8000          -2057.5442      602.95518     -1454.589       2169.1885    
    261000   6009.8968      716095.67      8000          -2074.061       614.48054     -1459.5804      2116.034     
    262000   5867.0077      721561.88      8000          -2064.3291      599.87088     -1464.4582      2138.4501    
    263000   5676.5948      725881.31      8000          -2049.7043      580.40216     -1469.3021      2155.174     
    264000   5638.7871      719006.81      8000          -2050.6523      576.53652     -1474.1158      2116.0346    
    265000   5498.1829      726871.99      8000          -2041.0696      562.16047     -1478.9091      2150.5137    
    266000   5814.5787      713686.21      8000          -2078.1995      594.51029     -1483.6892      2079.8943    
    267000   5681.2989      715316.36      8000          -2069.3193      580.88312     -1488.4362      2083.287     
    268000   5617.8577      718101.09      8000          -2067.5282      574.39659     -1493.1316      2092.4962    
    269000   5649.6647      712885.9       8000          -2075.4368      577.6487      -1497.7881      2061.7993    
    270000   5588.4571      712005.8       8000          -2073.8373      571.39054     -1502.4468      2052.7461    
    271000   5603.3706      709096.53      8000          -2079.9549      572.91536     -1507.0396      2033.6266    
    272000   5680.6387      708377.75      8000          -2092.4682      580.81562     -1511.6526      2025.4246    
    273000   5256.9361      717408.2       8000          -2053.6933      537.49425     -1516.199       2065.9692    
    274000   5397.9117      707833.14      8000          -2072.5827      551.90826     -1520.6744      2013.6835    
    275000   5368.9353      712759.31      8000          -2074.1387      548.94558     -1525.1931      2033.7621    
    276000   5477.2166      702832.45      8000          -2089.6816      560.01677     -1529.6649      1979.7235    
    277000   5318.8368      707674.41      8000          -2077.9187      543.82327     -1534.0955      1999.4698    
    278000   5459.8308      700549.75      8000          -2096.7637      558.23917     -1538.5246      1959.4658    
    279000   5459.2543      697669.51      8000          -2101.0429      558.18023     -1542.8627      1940.7461    
    280000   5415.3028      697426.99      8000          -2100.8867      553.68642     -1547.2002      1935.1976    
    281000   5415.2469      695906.56      8000          -2105.1441      553.6807      -1551.4634      1923.3426    
    282000   5317.9879      696912.03      8000          -2099.4708      543.73648     -1555.7343      1924.0922    
    283000   5284.7875      696341.35      8000          -2100.3214      540.34191     -1559.9795      1916.9975    
    284000   5162.5182      695919.28      8000          -2092.0286      527.84051     -1564.1881      1910.6814    
    285000   5263.2502      692931.45      8000          -2106.5334      538.13983     -1568.3936      1891.5571    
    286000   5193.2313      694108.76      8000          -2103.5012      530.98076     -1572.5204      1893.3088    
    287000   5261.2479      688975.6       8000          -2114.5414      537.93511     -1576.6063      1863.5919    
    288000   5186.0891      689508.17      8000          -2110.9499      530.25051     -1580.6994      1862.1581    
    289000   5080.9029      691539.31      8000          -2104.2579      519.49577     -1584.7622      1868.2372    
    290000   5344.1446      685224.69      8000          -2135.294       546.41086     -1588.8831      1832.586     
    291000   5135.6977      688832.93      8000          -2117.9942      525.09825     -1592.8959      1846.5899    
    292000   5148.2703      684140.11      8000          -2123.2542      526.38373     -1596.8704      1819.1832    
    293000   4982.4097      689099.11      8000          -2110.3246      509.42536     -1600.8992      1839.9157    
    294000   5159.3327      676772.85      8000          -2132.3232      527.51481     -1604.8084      1774.459     
    295000   5041.738       682909.48      8000          -2124.2166      515.49137     -1608.7253      1801.1836    
    296000   4969.5266      681908.96      8000          -2120.711       508.10813     -1612.6029      1792.3101    
    297000   4903.217       682414.58      8000          -2117.7226      501.32831     -1616.3943      1791.0434    
    298000   4914.7189      678986.52      8000          -2122.7653      502.50433     -1620.261       1770.0597    
    299000   5120.8033      671916.42      8000          -2147.6864      523.57538     -1624.111       1730.9072    
    300000   5004.8136      674604.09      8000          -2139.5982      511.71604     -1627.8821      1740.5562    
    301000   4813.845       676254.59      8000          -2123.8216      492.19049     -1631.6311      1745.0485    
    302000   4835.3044      674345.98      8000          -2129.7612      494.38461     -1635.3766      1731.7729    
    303000   4796.5105      676576.36      8000          -2129.559       490.41813     -1639.1409      1739.1454    
    304000   4992.5499      670279.42      8000          -2153.2886      510.46214     -1642.8265      1704.0179    
    305000   4792.5174      674550.28      8000          -2136.5218      490.00986     -1646.5119      1721.6577    
    306000   4901.8194      669438.13      8000          -2151.2897      501.18542     -1650.1042      1692.5394    
    307000   4695.5815      673233.44      8000          -2133.8285      480.09868     -1653.7298      1707.8646    
    308000   4726.8451      671503.25      8000          -2140.6182      483.29521     -1657.323       1695.6322    
    309000   4764.45        668458.32      8000          -2148.0814      487.14011     -1660.9412      1676.81      
    310000   4744.2338      667102.64      8000          -2149.5428      485.07312     -1664.4697      1666.5123    
    311000   4716.4512      664929.37      8000          -2150.201       482.23249     -1667.9685      1652.1619    
    312000   4946.8873      657479.17      8000          -2177.3106      505.79338     -1671.5172      1611.4128    
    313000   4620.681       665156.32      8000          -2147.4337      472.44049     -1674.9932      1646.2704    
    314000   4623.2786      663678.71      8000          -2151.1229      472.70608     -1678.4169      1635.4688    
    315000   4759.7899      659402.93      8000          -2168.4945      486.66364     -1681.8309      1610.7049    
    316000   4543.696       661795.15      8000          -2149.7892      464.56917     -1685.2201      1619.2606    
    317000   4585.5799      662507.57      8000          -2157.4774      468.85158     -1688.6258      1619.4121    
    318000   4528.5964      662618.64      8000          -2155.0299      463.02532     -1692.0046      1616.5879    
    319000   4589.5506      661051.08      8000          -2164.5773      469.25756     -1695.3197      1605.4456    
    320000   4663.345       652022.09      8000          -2175.4854      476.80266     -1698.6827      1556.999     
    321000   4708.0053      652732.44      8000          -2183.3557      481.36894     -1701.9868      1557.2419    
    322000   4752.7293      648819.42      8000          -2191.2154      485.94174     -1705.2737      1534.4165    
    323000   4442.1168      659988.28      8000          -2162.6769      454.18323     -1708.4937      1586.9649    
    324000   4677.7672      647560.2       8000          -2190.0206      478.27726     -1711.7434      1521.6592    
    325000   4633.0606      647488.66      8000          -2188.6567      473.70624     -1714.9504      1518.0949    
    326000   4534.3722      651508.52      8000          -2181.7438      463.61586     -1718.1279      1534.9894    
    327000   4407.9216      651422.04      8000          -2171.9905      450.68695     -1721.3036      1531.3819    
    328000   4517.2809      646912.42      8000          -2186.2994      461.86837     -1724.431       1505.7371    
    329000   4410.9132      646918.73      8000          -2178.5415      450.99283     -1727.5487      1502.6509    
    330000   4449.3294      645512.53      8000          -2185.5718      454.92068     -1730.6511      1492.527     
    331000   4297.9763      650966.17      8000          -2173.1582      439.44562     -1733.7126      1516.6967    
    332000   4557.1395      640669.55      8000          -2202.733       465.9437      -1736.7893      1462.2068    
    333000   4353.9242      643894.41      8000          -2185.0289      445.166       -1739.8629      1475.2355    
    334000   4339.7551      644155.57      8000          -2186.6288      443.71728     -1742.9116      1473.491     
    335000   4173.2884      648717.12      8000          -2172.6415      426.69693     -1745.9445      1493.2348    
    336000   4380.8097      638749.53      8000          -2196.9038      447.9149      -1748.9889      1440.4202    
    337000   4324.2096      639566.9       8000          -2194.0755      442.12784     -1751.9476      1441.5427    
    338000   4302.7703      641487.7       8000          -2194.8465      439.93578     -1754.9107      1448.1706    
    339000   4199.2358      642367.43      8000          -2187.2116      429.34992     -1757.8617      1449.6122    
    340000   4280.1364      639972.08      8000          -2198.444       437.62158     -1760.8224      1434.6911    
    341000   4202.6434      642161.49      8000          -2193.4357      429.69833     -1763.7374      1442.7083    
    342000   4271.0677      636467.43      8000          -2203.2758      436.69436     -1766.5814      1411.4327    
    343000   4191.666       638359.13      8000          -2198.0429      428.57595     -1769.4669      1417.9928    
    344000   4142.8503      637954.93      8000          -2195.8623      423.58479     -1772.2775      1413.1639    
    345000   4237.3802      631548.43      8000          -2208.3737      433.24999     -1775.1238      1378.3287    
    346000   4305.4692      629076.93      8000          -2218.1161      440.21173     -1777.9044      1363.2074    
    347000   4212.2558      632356.99      8000          -2211.3879      430.68114     -1780.7067      1376.783     
    348000   4113.5838      635373.51      8000          -2204.0779      420.59244     -1783.4854      1389.0665    
    349000   4181.5021      630902.9       8000          -2213.8113      427.53674     -1786.2746      1363.9547    
    350000   4105.1659      630176.62      8000          -2208.7663      419.73176     -1789.0346      1357.5682    
    351000   4136.5365      630753.45      8000          -2214.6946      422.93924     -1791.7553      1357.7277    
    352000   4033.7643      632103.75      8000          -2206.8631      412.43132     -1794.4318      1361.7935    
    353000   4073.9786      630275.66      8000          -2213.6504      416.54303     -1797.1073      1349.9899    
    354000   4018.7204      627434.96      8000          -2210.6433      410.89317     -1799.7502      1333.1629    
    355000   4290.3644      618158.74      8000          -2241.1391      438.66734     -1802.4717      1284.1232    
    356000   4055.9697      626907.33      8000          -2219.8209      414.70171     -1805.1192      1325.1593    
    357000   4118.3963      622601.76      8000          -2228.8524      421.08451     -1807.7679      1301.012     
    358000   4095.1799      622343.15      8000          -2229.0744      418.71074     -1810.3636      1297.125     
    359000   3952.8744      626414.91      8000          -2217.121       404.16075     -1812.9603      1314.8595    
    360000   3922.0592      625618.55      8000          -2216.5508      401.01006     -1815.5407      1308.3026    
    361000   4063.5478      618919.65      8000          -2233.5954      415.47653     -1818.1188      1272.2755    
    362000   4064.4436      618274.15      8000          -2236.2009      415.56812     -1820.6328      1266.5384    
    363000   4004.4291      618228.04      8000          -2232.604       409.43195     -1823.172       1263.7689    
    364000   3965.351       617005.56      8000          -2231.1349      405.43642     -1825.6985      1255.1384    
    365000   3929.895       619475.14      8000          -2230.003       401.81122     -1828.1917      1264.9763    
    366000   3911.2324      617636.27      8000          -2230.5791      399.90308     -1830.676       1253.3101    
    367000   3957.3147      617925.53      8000          -2237.7318      404.61475     -1833.117       1252.3135    
    368000   3689.4923      625410.59      8000          -2212.7885      377.23131     -1835.5572      1287.2477    
    369000   3977.9962      612815.33      8000          -2244.7467      406.72933     -1838.0173      1221.8969    
    370000   3924.1181      614518.68      8000          -2241.6805      401.22057     -1840.4599      1227.9595    
    371000   3977.5603      612420.43      8000          -2249.5438      406.68476     -1842.859       1215.0834    
    372000   3940.5353      609336.14      8000          -2248.1415      402.89914     -1845.2423      1197.2996    
    373000   3859.4573      611989.32      8000          -2242.2154      394.60934     -1847.6061      1208.1837    
    374000   3816.7144      612717.83      8000          -2240.2049      390.23911     -1849.9658      1209.4615    
    375000   3783.8121      614192.12      8000          -2239.2049      386.87501     -1852.3299      1214.4589    
    376000   3922.5233      608072.45      8000          -2255.7339      401.05751     -1854.6764      1181.5556    
    377000   3880.3783      606428.88      8000          -2253.7267      396.7484      -1856.9783      1171.047     
    378000   3709.0795      611833.31      8000          -2238.496       379.23399     -1859.262       1195.7487    
    379000   3858.0149      606469.99      8000          -2256.0044      394.46186     -1861.5425      1166.6881    
    380000   3780.767       607197.36      8000          -2250.3976      386.56367     -1863.8339      1168.0286    
    381000   3923.1822      599324.45      8000          -2267.2451      401.12488     -1866.1202      1126.4312    
    382000   3807.0183      604532.66      8000          -2257.5999      389.24773     -1868.3522      1150.205     
    383000   3884.4579      602491.8       8000          -2267.7258      397.16553     -1870.5602      1137.8064    
    384000   3701.4507      607339.05      8000          -2251.2089      378.45399     -1872.7549      1159.8151    
    385000   3634.249       609208.83      8000          -2246.5588      371.58297     -1874.9758      1166.9304    
    386000   3760.2948      600389.54      8000          -2261.6485      384.47049     -1877.178       1120.6917    
    387000   3638.0267      605585.28      8000          -2251.3255      371.96922     -1879.3563      1144.4568    
    388000   3846.348       595445.38      8000          -2274.8204      393.26898     -1881.5514      1091.6311    
    389000   3636.4782      603403.49      8000          -2255.503       371.8109      -1883.6921      1129.2268    
    390000   3610.0739      603365.87      8000          -2254.9418      369.11119     -1885.8306      1126.9006    
    391000   3679.1091      598093.19      8000          -2264.1168      376.16968     -1887.9472      1098.4563    
    392000   3555.9395      603120.79      8000          -2253.6338      363.57623     -1890.0576      1121.4497    
    393000   3769.1954      595513.76      8000          -2277.5508      385.38053     -1892.1702      1081.3536    
    394000   3684.1995      596055.9       8000          -2270.962       376.69015     -1894.2719      1081.959     
    395000   3667.6383      597853.79      8000          -2271.367       374.99686     -1896.3702      1088.8379    
    396000   3763.2689      593225.19      8000          -2283.2329      384.77458     -1898.4583      1063.6383    
    397000   3692.8237      593116.01      8000          -2278.0501      377.57193     -1900.4782      1061.0732    
    398000   3578.7206      598895.77      8000          -2268.3949      365.90548     -1902.4894      1087.9216    
    399000   3669.5719      593347.37      8000          -2279.7204      375.19455     -1904.5259      1058.1807    
    400000   3683.8228      590097.56      8000          -2283.1814      376.65163     -1906.5298      1039.9499    
    401000   3566.0706      594587.87      8000          -2273.1286      364.61208     -1908.5165      1060.3842    
    402000   3546.2553      593869.9       8000          -2273.077       362.58608     -1910.4909      1054.8248    
    403000   3606.4647      590999.54      8000          -2281.2324      368.74217     -1912.4902      1038.4932    
    404000   3525.0775      592048.91      8000          -2274.8423      360.42076     -1914.4216      1041.8016    
    405000   3601.4733      590419.61      8000          -2284.6231      368.23182     -1916.3913      1031.6964    
    406000   3472.423       589212.51      8000          -2273.3495      355.03711     -1918.3124      1023.7481    
    407000   3465.6991      591864.41      8000          -2274.5735      354.34962     -1920.2238      1035.0781    
    408000   3441.1034      590908.08      8000          -2273.977       351.83484     -1922.1421      1028.3846    
    409000   3508.9264      589389.66      8000          -2282.8192      358.76939     -1924.0498      1018.8952    
    410000   3516.2475      587437.5       8000          -2285.4445      359.51793     -1925.9265      1007.2709    
    411000   3520.7818      587622.52      8000          -2287.7991      359.98154     -1927.8176      1006.3037    
    412000   3490.0027      587810.04      8000          -2286.5221      356.83454     -1929.6876      1005.37      
    413000   3411.4721      589201.79      8000          -2280.3313      348.80519     -1931.5261      1010.4808    
    414000   3423.5556      587508.76      8000          -2283.3948      350.04068     -1933.3541      1000.1991    
    415000   3469.0901      584518.66      8000          -2289.8751      354.69633     -1935.1787      983.4443     
    416000   3566.4594      579771.1       8000          -2301.6625      364.65184     -1937.0107      957.90682    
    417000   3499.6001      582519.23      8000          -2296.6593      357.81583     -1938.8434      969.79607    
    418000   3440.0994      583946.36      8000          -2292.3644      351.73219     -1940.6322      975.13328    
    419000   3445.053       583096.29      8000          -2294.6543      352.23867     -1942.4156      969.10526    
    420000   3454.5168      584153.04      8000          -2297.4177      353.20629     -1944.2114      972.58603    
    421000   3345.5406      586042.24      8000          -2288.0138      342.06405     -1945.9498      980.28081    
    422000   3254.6354      585216.1       8000          -2280.4634      332.76947     -1947.694       974.41156    
    423000   3420.9662      579044         8000          -2299.2445      349.77591     -1949.4686      941.81834    
    424000   3242.1129      585001         8000          -2282.659       331.4891      -1951.1699      969.86165    
    425000   3370.1224      579546.01      8000          -2297.4802      344.57741     -1952.9028      940.89076    
    426000   3417.9404      579820.55      8000          -2304.0736      349.46654     -1954.607       940.55739    
    427000   3443.4873      576062.24      8000          -2308.3947      352.07858     -1956.3162      920.08226    
    428000   3313.8992      579017.33      8000          -2296.8465      338.82887     -1958.0177      933.13611    
    429000   3341.0788      578120.74      8000          -2301.3006      341.60785     -1959.6928      926.98415    
    430000   3376.5786      577503.24      8000          -2306.6152      345.23751     -1961.3776      922.21598    
    431000   3316.8263      577060.46      8000          -2302.1695      339.12816     -1963.0413      918.34137    
    432000   3367.7807      573335.67      8000          -2309.0009      344.33798     -1964.6629      898.12112    
    433000   3283.3111      579170.39      8000          -2301.9798      335.7014      -1966.2784      925.63965    
    434000   3221.4376      577352.8       8000          -2297.3047      329.37516     -1967.9295      914.91291    
    435000   3218.3095      579024.9       8000          -2298.5854      329.05533     -1969.5301      921.66147    
    436000   3259.434       576105.77      8000          -2304.4037      333.2601      -1971.1436      905.47214    
    437000   3208.323       575554.71      8000          -2300.7735      328.03426     -1972.7393      901.12493    
    438000   3199.7001      574605.43      8000          -2301.4945      327.15262     -1974.3419      894.7824     
    439000   3164.6512      577082.21      8000          -2299.5183      323.56905     -1975.9493      905.54203    
    440000   3272.8978      571867.32      8000          -2312.1869      334.6367      -1977.5502      877.9021     
    441000   3273.2762      570890.54      8000          -2313.7809      334.67539     -1979.1055      871.46956    
    442000   3323.224       568821.45      8000          -2320.4365      339.78229     -1980.6542      859.58938    
    443000   3316.8807      566649.18      8000          -2321.335       339.13372     -1982.2013      847.19573    
    444000   3109.8425      574861.55      8000          -2301.6873      317.96515     -1983.7222      886.68096    
    445000   3241.5908      567565.81      8000          -2316.6585      331.43572     -1985.2227      848.75122    
    446000   3280.0853      568448.7       8000          -2322.0775      335.37158     -1986.706       851.67646    
    447000   3244.8144      567039.86      8000          -2319.9514      331.76532     -1988.1861      843.16168    
    448000   3100.3032      569611.97      8000          -2306.63        316.98981     -1989.6402      854.55065    
    449000   3236.1471      565282.78      8000          -2321.9958      330.87913     -1991.1167      831.45763    
    450000   3182.4275      565686.99      8000          -2317.9665      325.38658     -1992.5799      832.01271    
    451000   3179.7035      567938.23      8000          -2319.1626      325.10806     -1994.0545      841.77903    
    452000   3121.873       568069.43      8000          -2314.7004      319.1952      -1995.5052      840.98339    
    453000   3181.6084      563306.84      8000          -2322.2529      325.30283     -1996.95        815.75801    
    454000   3268.9234      562028.91      8000          -2332.6104      334.23033     -1998.38        807.94703    
    455000   3153.736       566323.74      8000          -2322.2772      322.45303     -1999.8241      827.94791    
    456000   3104.6577      565408.48      8000          -2318.6606      317.43502     -2001.2256      821.97634    
    457000   3244.79        561855.92      8000          -2334.3995      331.76282     -2002.6366      802.82666    
    458000   3178.9333      562075.93      8000          -2329.0819      325.02932     -2004.0525      802.50931    
    459000   3031.5538      566979.07      8000          -2315.3804      309.96053     -2005.4199      825.62434    
    460000   3102.2334      565972.91      8000          -2323.9931      317.18715     -2006.806       819.21432    
    461000   3056.0093      565673.52      8000          -2320.6275      312.46098     -2008.1665      816.35883    
    462000   3196.9325      559444.28      8000          -2336.3959      326.86964     -2009.5262      783.89525    
    463000   3015.6631      565734.33      8000          -2319.2081      308.33579     -2010.8723      813.95667    
    464000   3017.545       563861.69      8000          -2320.7611      308.52821     -2012.2329      803.2456     
    465000   3056.2212      561963.52      8000          -2326.0494      312.48265     -2013.5668      792.43377    
    466000   3039.4355      562643.55      8000          -2325.6374      310.76639     -2014.871       794.52513    
    467000   3115.3121      559484.78      8000          -2334.7317      318.52438     -2016.2074      777.41635    
    468000   3134.3851      556514.87      8000          -2337.9798      320.4745      -2017.5053      761.28908    
    469000   3129.9902      559227.79      8000          -2338.8166      320.02514     -2018.7915      773.549      
    470000   3087.8769      557712.79      8000          -2335.7844      315.71928     -2020.0651      764.71066    
    471000   3048.634       558521.44      8000          -2333.0471      311.7069      -2021.3402      767.47338    
    472000   3053.1328      559107.24      8000          -2334.7544      312.16688     -2022.5875      769.15107    
    473000   3113.5229      555166.12      8000          -2342.1598      318.34144     -2023.8184      748.24137    
    474000   3027.3253      556749.68      8000          -2334.588       309.52819     -2025.0598      754.90696    
    475000   3030.2573      555819.13      8000          -2336.1313      309.82797     -2026.3033      749.01703    
    476000   3065.8814      554217.05      8000          -2341.0248      313.47035     -2027.5545      739.76636    
    477000   2931.7221      556919.03      8000          -2328.5188      299.75326     -2028.7655      752.04686    
    478000   3098.7431      552583.85      8000          -2346.7937      316.83029     -2029.9634      729.20251    
    479000   2999.1931      556004.9       8000          -2337.807       306.65183     -2031.1552      745.09278    
    480000   2960.1081      556116.21      8000          -2334.9805      302.65558     -2032.3249      744.47879    
    481000   2866.9919      560286.85      8000          -2326.6129      293.13494     -2033.478       764.15066    
    482000   2989.8256      554618.99      8000          -2340.3557      305.69405     -2034.6617      734.66613    
    483000   3028.5604      553355.79      8000          -2345.5017      309.65447     -2035.8472      727.17318    
    484000   2994.5843      555021.69      8000          -2343.1972      306.1806      -2037.0166      734.32192    
    485000   3102.2957      547698.73      8000          -2355.361       317.19352     -2038.1675      696.60606    
    486000   2901.3328      556963.48      8000          -2335.9568      296.64612     -2039.3106      741.72368    
    487000   3051.6184      549217.61      8000          -2352.4637      312.01204     -2040.4517      701.90593    
    488000   3010.6011      549071.56      8000          -2349.4159      307.81823     -2041.5977      700.03064    
    489000   2990.2438      552104.52      8000          -2348.4354      305.73681     -2042.6986      714.07395    
    490000   2911.6037      553054.4       8000          -2341.5122      297.69627     -2043.8159      717.69954    
    491000   2999.159       550302.72      8000          -2351.552       306.64834     -2044.9036      702.87212    
    492000   2896.8858      551461.15      8000          -2342.1685      296.19144     -2045.9771      707.58294    
    493000   2866.1143      553817.52      8000          -2340.1278      293.04521     -2047.0826      718.24328    
    494000   2880.3933      553137.88      8000          -2342.6741      294.50516     -2048.169       713.76336    
    495000   2995.7457      548521.18      8000          -2355.5497      306.29934     -2049.2504      689.62976    
    496000   2921.3845      549460.6       8000          -2349.0157      298.6963      -2050.3194      693.25153    
    497000   3005.2051      546573.91      8000          -2358.672       307.26652     -2051.4055      677.75157    
    498000   2932.2547      547329.33      8000          -2352.2501      299.80772     -2052.4424      680.48665    
    499000   2852.9351      551190.23      8000          -2345.1785      291.6977      -2053.4808      698.7265     
    500000   2898.3243      548698.94      8000          -2350.8483      296.33851     -2054.5098      685.25798    
